02 0.659375 0.475 0.026233552631578894 0.024983552631578865
08 0.22062500000000002 0.5118750000000001 0.011241610738255053 0.038741610738255106
13 0.953739224137931 0.11374999999999999 0.032478448275862104 0.019956896551724126
09 0.036875 0.276875 0.013744444444444445 0.0237444444444444
07 0.2049970238095238 0.18375 0.04499404761904763 0.037488095238095265
13 0.066875 0.4325 0.036242977528089894 0.04499297752808984
04 0.645625 0.815625 0.018745098039215646 0.013745098039215642
12 0.6581250000000001 0.9075 0.0337068965517241 0.04745689655172414
03 0.895625 0.415625 0.02372844827586218 0.01372844827586206
02 0.579375 0.54125 0.02863636363636357 0.03488636363636366
07 0.40125 0.72125 0.019985795454545485 0.029985795454545383
11 0.035625 0.99125 0.01871951219512195 0.01746951219512194
20 0.51125 0.22 0.01748214285714278 0.014982142857142833
