00 0.338125 0.7275 0.0362335526315789 0.03498355263157893
06 0.078125 0.325625 0.03374161073825504 0.04124161073825505
03 0.6075 0.566239224137931 0.0699568965517241 0.03247844827586199
09 0.9762500000000001 0.77 0.027494444444444377 0.03249444444444438
20 0.73 0.963125 0.037488095238095154 0.03623809523809518
03 0.19624999999999998 0.8300000000000001 0.03499297752808986 0.06249297752808991
11 0.794375 0.96375 0.03374509803921566 0.024995098039215735
00 0.560625 0.869375 0.0387068965517241 0.0237068965517242
08 0.60875 0.46499999999999997 0.06997844827586208 0.014978448275862088
02 0.9225 0.42125 0.02738636363636382 0.04988636363636362
03 0.89 0.16 0.027485795454545325 0.03998579545454545
