14 0.663125 0.685625 0.05373355263157886 0.026233552631578894
02 0.268125 0.829375 0.07124161073825508 0.02374161073825487
01 0.204375 0.0875 0.01870689655172414 0.017456896551724138
03 0.14375 0.9731236111111111 0.04749444444444445 0.013747222222222133
05 0.195625 0.415625 0.026238095238095283 0.021238095238095278
07 0.454375 0.7106250000000001 0.01624297752808984 0.06874297752808978
04 0.91375 0.5275 0.027495098039215682 0.014995098039215726
03 0.284375 0.4425 0.026206896551724146 0.034956896551724126
09 0.69875 0.651875 0.05497844827586218 0.026228448275862237
09 0.6131249999999999 0.635 0.013636363636363558 0.04238636363636372
01 0.845 0.290625 0.029985795454545272 0.028735795454545465
03 0.899375 0.40875 0.03871951219512193 0.03246951219512195
17 0.375 0.24625 0.02748214285714279 0.03248214285714285
