18 0.920625 0.141875 0.016233552631578885 0.018733552631578942
12 0.245625 0.369375 0.02874161073825504 0.031241610738255043
08 0.928125 0.5375 0.01370689655172419 0.01745689655172411
14 0.15000000000000002 0.4925 0.01749444444444445 0.019994444444444537
03 0.26749999999999996 0.0325 0.03998809523809527 0.014988095238095234
20 0.039375 0.8843749999999999 0.021242977528089887 0.023742977528089848
04 0.784375 0.23875000000000002 0.021245098039215704 0.019995098039215703
20 0.830625 0.274375 0.018706896551724195 0.016206896551724137
06 0.889375 0.48062499999999997 0.02372844827586218 0.07122844827586206
14 0.139375 0.54625 0.023636363636363622 0.019886363636363535
15 0.8843749999999999 0.704375 0.021235795454545348 0.023735795454545294
03 0.41812499999999997 0.16875 0.018719512195121968 0.027469512195121948
