14 0.6387499999999999 0.44 0.04248355263157888 0.047483552631578885
15 0.06687499999999999 0.74125 0.026241610738255025 0.05749161073825493
11 0.2025 0.7106250000000001 0.024956896551724145 0.028706896551724204
03 0.03875000000000001 0.4187486111111111 0.03249444444444445 0.03999722222222224
12 0.9493750000000001 0.515 0.031238095238095176 0.04248809523809527
08 0.11125 0.558125 0.02749297752808988 0.01374297752808984
02 0.06625 0.965625 0.02749509803921569 0.02624509803921571
13 0.429375 0.305 0.18620689655172418 0.05495689655172409
03 0.11875000000000001 0.461875 0.027478448275862072 0.01372844827586206
09 0.223125 0.531875 0.05863636363636365 0.05613636363636365
08 0.7668785511363637 0.21375 0.013742897727272663 0.027485795454545464
