14 0.825625 0.654375 0.061233552631578925 0.0362335526315789
02 0.94 0.761875 0.03749161073825491 0.031241610738254932
09 0.41625 0.57875 0.06245689655172415 0.06495689655172421
08 0.7462500000000001 0.075625 0.047494444444444395 0.028744444444444447
08 0.711875 0.3225 0.05373809523809514 0.049988095238095276
20 0.81125 0.565625 0.02749297752808988 0.023742977528089848
03 0.19375 0.185 0.029995098039215684 0.03749509803921569
04 0.924375 0.276875 0.043706896551724106 0.03870689655172416
03 0.5662499999999999 0.56 0.05247844827586212 0.04247844827586211
08 0.900625 0.9125 0.023636363636363678 0.05238636363636373
19 0.16249999999999998 0.05875 0.024985795454545462 0.037485795454545445
03 0.936875 0.41375 0.028719512195122032 0.029969512195122006
15 0.479375 0.354375 0.02373214285714287 0.05123214285714284
18 0.28312499999999996 0.260625 0.028737500000000027 0.03123750000000003
