18 0.2575 0.245 0.024983552631578948 0.027483552631578978
06 0.308125 0.6768749999999999 0.031241610738255043 0.11624161073825501
08 0.48375 0.5843750000000001 0.032456896551724124 0.02120689655172414
04 0.19624999999999998 0.318125 0.037494444444444414 0.038744444444444415
06 0.535625 0.5318720238095238 0.11123809523809525 0.10124404761904765
06 0.699375 0.10125 0.028742977528089853 0.009992977528089877
03 0.589375 0.24812499999999998 0.056245098039215735 0.031245098039215685
18 0.210625 0.815625 0.026206896551724118 0.03120689655172415
11 0.47125 0.981875 0.03747844827586211 0.028728448275862184
12 0.683125 0.68125 0.053636363636363704 0.05238636363636373
03 0.764375 0.16625 0.04623579545454537 0.09248579545454547
03 0.785625 0.161875 0.05371951219512194 0.058719512195121976
20 0.07500000000000001 0.763125 0.02998214285714286 0.028732142857142873
03 0.236875 0.961875 0.023737500000000022 0.061237499999999945
