13 0.630625 0.586875 0.06623355263157893 0.061233552631578925
12 0.258125 0.45875 0.04374161073825508 0.05999161073825504
08 0.05 0.35750000000000004 0.024956896551724145 0.02995689655172412
20 0.765 0.9375 0.02499444444444432 0.017494444444444257
14 0.17312500000000003 0.19187500000000002 0.036238095238095264 0.036238095238095264
14 0.9675 0.909375 0.049992977528089844 0.036242977528089804
20 0.56 0.37749999999999995 0.03499509803921563 0.03499509803921569
06 0.385625 0.434375 0.1062068965517241 0.04120689655172416
20 0.18125000000000002 0.7375 0.017478448275862063 0.01997844827586215
03 0.8625 0.755 0.019886363636363757 0.03488636363636366
11 0.7268749999999999 0.575625 0.03623579545454525 0.02873579545454541
10 0.049999999999999996 0.019999999999999997 0.024969512195121946 0.02246951219512195
