03 0.4425 0.62375 0.029983552631578925 0.014983552631578911
03 0.8712500000000001 0.774375 0.017491610738254892 0.01624161073825492
15 0.6993750000000001 0.058739224137931034 0.01370689655172408 0.009978448275862077
03 0.45499999999999996 0.753125 0.02999444444444449 0.023744444444444346
04 0.24875 0.225625 0.024988095238095254 0.016238095238095274
01 0.30562500000000004 0.4525 0.021242977528089846 0.014992977528089868
04 0.2175 0.73625 0.022495098039215677 0.017495098039215673
07 0.5831249999999999 0.089375 0.011206896551724133 0.03620689655172413
02 0.09875 0.489375 0.027478448275862058 0.016228448275862062
03 0.469375 0.2825 0.043636363636363584 0.019886363636363702
05 0.7424999999999999 0.445 0.019985795454545374 0.01498579545454548
