19 0.4775 0.310625 0.014983552631578911 0.0362335526315789
03 0.953125 0.92875 0.016241610738254808 0.03749161073825491
12 0.848125 0.43 0.05120689655172406 0.05495689655172409
03 0.20875 0.298125 0.049994444444444425 0.021244444444444455
10 0.701875 0.25 0.02623809523809517 0.02498809523809528
12 0.8400000000000001 0.66625 0.057492977528089795 0.039992977528089835
14 0.7725 0.698125 0.06249509803921571 0.031245098039215602
10 0.421875 0.6468750000000001 0.023706896551724088 0.023706896551724088
06 0.241875 0.85 0.08372844827586204 0.04497844827586217
05 0.514375 0.830625 0.03613636363636363 0.028636363636363682
