15 0.7975 0.8043750000000001 0.017483552631578858 0.013733552631578827
15 0.9306270973154362 0.284375 0.03374580536912741 0.02624161073825504
13 0.8525 0.53 0.06245689655172415 0.02745689655172412
03 0.525 0.7262500000000001 0.027494444444444488 0.014994444444444421
12 0.680625 0.013122023809523809 0.02623809523809506 0.026244047619047618
03 0.479375 0.291875 0.04874297752808987 0.02624297752808985
13 0.950625 0.9181250000000001 0.04124509803921572 0.06124509803921574
04 0.2425 0.6125 0.024956896551724145 0.01745689655172411
03 0.39625 0.4625 0.01747844827586209 0.019978448275862093
03 0.59375 0.975625 0.029886363636363544 0.016136363636363726
01 0.97 0.0975 0.027485795454545325 0.01748579545454547
