13 0.71875 0.6225 0.04248355263157899 0.119983552631579
06 0.630625 0.29375 0.07624161073825497 0.09999161073825505
20 0.03125 0.328125 0.029956896551724142 0.028706896551724093
18 0.5543750000000001 0.33187500000000003 0.026244444444444404 0.02874444444444446
02 0.909375 0.24125000000000002 0.09373809523809518 0.03248809523809529
20 0.0225 0.375 0.034992977528089886 0.029992977528089826
18 0.7887500000000001 0.756875 0.032495098039215686 0.03374509803921566
14 0.275625 0.47125 0.03120689655172415 0.06245689655172415
03 0.3881303879310345 0.940625 0.06373922413793104 0.03872844827586219
01 0.565625 0.630625 0.04863636363636359 0.03863636363636369
03 0.954375 0.48125 0.06123579545454527 0.0349857954545455
03 0.9512499999999999 0.270625 0.04496951219512202 0.06871951219512198
14 0.30125 0.5731250000000001 0.03498214285714285 0.05123214285714284
