05 0.0925 0.514375 0.022483552631578946 0.04623355263157891
10 0.23249999999999998 0.0675 0.054991610738255065 0.03749161073825504
03 0.7581249999999999 0.08124999999999999 0.02120689655172414 0.06495689655172414
16 0.38 0.875 0.0399944444444445 0.04499444444444434
03 0.278125 0.8612500000000001 0.03873809523809524 0.06498809523809512
03 0.19187500000000002 0.6912499999999999 0.041242977528089836 0.032492977528089884
03 0.87125 0.604375 0.03749509803921569 0.023745098039215762
08 0.7975000000000001 0.595 0.06245689655172415 0.029956896551724177
08 0.61625 0.546875 0.04247844827586211 0.04122844827586203
06 0.930625 0.59375 0.0336363636363638 0.022386363636363704
13 0.42374999999999996 0.815 0.06498579545454547 0.07248579545454537
08 0.2531326219512195 0.151875 0.046234756097560975 0.03371951219512198
18 0.16999999999999998 0.18562499999999998 0.01998214285714281 0.02123214285714284
