04 0.07125 0.8456250000000001 0.02748355263157895 0.02873355263157895
00 0.37625 0.07125000000000001 0.01749161073825506 0.01999161073825504
08 0.09062500000000001 0.09937499999999999 0.018706896551724125 0.021206896551724128
06 0.08625000000000001 0.933125 0.024994444444444458 0.01124444444444439
03 0.035 0.185 0.024988095238095233 0.024988095238095254
04 0.535 0.113125 0.02749297752808988 0.018742977528089885
06 0.358125 0.834375 0.05874509803921574 0.013745098039215753
03 0.779375 0.24 0.036206896551724155 0.04495689655172416
06 0.13124999999999998 0.62375 0.007478448275862054 0.057478448275862126
06 0.6568750000000001 0.4587215909090909 0.061136363636363655 0.0449431818181818
03 0.5925 0.553125 0.022485795454545432 0.031235795454545467
03 0.179375 0.1075 0.016219512195121966 0.02996951219512195
00 0.5449999999999999 0.035625 0.01748214285714289 0.01873214285714285
08 0.104375 0.353125 0.013737500000000014 0.02623749999999997
