06 0.6456291118421054 0.27999999999999997 0.05124177631578941 0.12748355263157893
03 0.7137520973154363 0.32875 0.017495805369127537 0.05999161073825504
03 0.12187500000000001 0.049375 0.051206896551724126 0.031206896551724143
15 0.226875 0.499375 0.028744444444444434 0.04124444444444447
07 0.21250000000000002 0.169375 0.22498809523809526 0.08873809523809525
14 0.1225 0.9612499999999999 0.03749297752808989 0.039992977528089946
03 0.6599999999999999 0.803125 0.04499509803921564 0.038745098039215664
03 0.8812500000000001 0.10625 0.0649568965517241 0.06745689655172413
03 0.47375 0.5249999999999999 0.049978448275862064 0.03497844827586205
08 0.303125 0.410625 0.021136363636363675 0.018636363636363618
