08 0.105625 0.948125 0.021233552631578945 0.016233552631578885
03 0.571875 0.591875 0.03624161073825505 0.04624161073825506
01 0.21000000000000002 0.55625 0.01995689655172414 0.014956896551724164
18 0.6356249999999999 0.8631249999999999 0.013744444444444448 0.016244444444444395
08 0.185 0.785625 0.03248809523809526 0.021238095238095056
03 0.4575 0.9606250000000001 0.039992977528089835 0.03124297752808991
07 0.9143749999999999 0.07312377450980392 0.031245098039215713 0.016247549019607843
18 0.765 0.11249999999999999 0.014956896551724164 0.017456896551724124
15 0.9237500000000001 0.5562499999999999 0.06247844827586213 0.032478448275862104
03 0.6837215909090909 0.338125 0.009943181818181879 0.023636363636363567
12 0.37812500000000004 0.794375 0.028735795454545465 0.0337357954545453
03 0.35125 0.731875 0.024969512195122 0.03121951219512198
06 0.508125 0.07750000000000001 0.02623214285714287 0.05998214285714286
01 0.70625 0.7418750000000001 0.014987500000000042 0.013737500000000069
