03 0.409375 0.030000000000000002 0.008733552631578934 0.024983552631578955
12 0.31125 0.9256249999999999 0.03499161073825502 0.026241610738254928
16 0.734375 0.25125000000000003 0.036206896551724155 0.022456896551724143
08 0.7981263888888889 0.5337486111111112 0.021247222222222195 0.027497222222222284
08 0.16875 0.655625 0.01998809523809525 0.011238095238095047
06 0.071875 0.073125 0.01374297752808988 0.018742977528089885
01 0.6425000000000001 0.81125 0.009995098039215722 0.012495098039215669
06 0.19 0.07625 0.007456896551724129 0.06245689655172413
15 0.104375 0.5925 0.016228448275862062 0.04497844827586206
14 0.43374999999999997 0.1225 0.04488636363636361 0.024886363636363637
04 0.446875 0.45625 0.028735795454545465 0.02498579545454549
03 0.6312500000000001 0.4575 0.014969512195121992 0.03246951219512201
03 0.19937500000000002 0.7593749999999999 0.018732142857142836 0.05123214285714284
04 0.2425 0.34375 0.022487499999999994 0.02498750000000005
