03 0.803125 0.20937499999999998 0.026233552631578894 0.02873355263157898
12 0.7362500000000001 0.8725 0.01999161073825484 0.03999161073825486
05 0.38625 0.73375 0.02745689655172412 0.014956896551724164
00 0.106875 0.3775 0.02624444444444446 0.01749444444444448
20 0.14625 0.70875 0.014988095238095217 0.017488095238095136
09 0.95375 0.318125 0.03249297752808977 0.03624297752808986
06 0.825625 0.175625 0.018745098039215757 0.0812450980392157
20 0.93625 0.515625 0.01745689655172411 0.018706896551724084
08 0.329375 0.6156250000000001 0.016228448275862062 0.02372844827586207
01 0.63375 0.38625 0.019886363636363757 0.012386363636363584
06 0.549375 0.66625 0.06123579545454538 0.03248579545454533
03 0.11000762195121952 0.77125 0.012484756097560973 0.029969512195122006
05 0.37312500000000004 0.745 0.01873214285714281 0.032482142857142904
10 0.44875 0.36125 0.027487499999999998 0.0324875
