19 0.839375 0.25875 0.03873355263157885 0.042483552631578964
06 0.23375 0.333125 0.012491610738255027 0.09874161073825505
15 0.42625 0.7175 0.04995689655172414 0.05495689655172409
01 0.8062499999999999 0.04 0.027494444444444377 0.024994444444444444
03 0.7175 0.979375 0.02248809523809514 0.028738095238095118
14 0.9650000000000001 0.89625 0.022492977528089875 0.03249297752808977
14 0.68 0.25687499999999996 0.027495098039215682 0.04624509803921567
03 0.0975 0.270625 0.03745689655172414 0.046206896551724164
09 0.775625 0.5956250000000001 0.0487284482758622 0.0637284482758621
13 0.43625 0.753125 0.06988636363636364 0.13363636363636366
20 0.6375 0.44125000000000003 0.027485795454545325 0.024985795454545434
03 0.11124237804878048 0.396875 0.02998475609756096 0.048719512195121994
03 0.27875 0.693125 0.029982142857142846 0.018732142857142753
04 0.8725 0.574375 0.03498750000000006 0.033737499999999976
