18 0.9081250000000001 0.354375 0.018733552631578942 0.02123355263157889
03 0.49124999999999996 0.61875 0.022491610738255063 0.034991610738255075
06 0.9618857758620689 0.644375 0.036228448275862024 0.09120689655172409
01 0.5700000000000001 0.875625 0.022494444444444484 0.023744444444444346
03 0.38187499999999996 0.35562499999999997 0.02373809523809528 0.028738095238095285
08 0.524375 0.638125 0.0212429775280899 0.04874297752808976
20 0.75125 0.7206250000000001 0.027495098039215682 0.02374509803921565
03 0.28812499999999996 0.675625 0.01870689655172414 0.026206896551724146
18 0.7675000000000001 0.38875000000000004 0.01997844827586215 0.02247844827586204
14 0.899375 0.8243750000000001 0.02363636363636379 0.04613636363636375
07 0.66625 0.6062464488636363 0.044985795454545396 0.05499289772727278
