11 0.3025 0.844375 0.034983552631578985 0.0362335526315789
09 0.6568749999999999 0.358125 0.046241610738254946 0.046241610738255
03 0.215625 0.699375 0.043706896551724134 0.04870689655172411
10 0.8200000000000001 0.8725 0.02499444444444443 0.019994444444444315
01 0.74875 0.22499999999999998 0.02248809523809514 0.014988095238095273
13 0.2587482443820225 0.40875 0.07249648876404494 0.07999297752808987
14 0.683125 0.80625 0.04124509803921572 0.05749509803921571
03 0.698125 0.6543749999999999 0.14120689655172414 0.05620689655172406
06 0.144375 0.22312500000000002 0.02622844827586207 0.038728448275862054
10 0.8206249999999999 0.76625 0.036136363636363744 0.029886363636363766
20 0.58375 0.31062500000000004 0.022485795454545432 0.018735795454545456
03 0.37812500000000004 0.57375 0.028719512195121977 0.04996951219512202
03 0.8625 0.408125 0.06748214285714282 0.02123214285714281
03 0.5956250000000001 0.51125 0.08623750000000008 0.03998750000000001
