05 0.15500000000000003 0.76125 0.024983552631578948 0.057483552631578894
01 0.0825 0.583125 0.01749161073825503 0.011241610738255137
00 0.97125 0.57125 0.047456896551724026 0.032456896551724124
13 0.921875 0.6937500000000001 0.0362444444444443 0.09249444444444432
03 0.19 0.951875 0.03498809523809526 0.06873809523809515
11 0.27875 0.6725 0.03749297752808989 0.039992977528089835
04 0.881875 0.281875 0.03374509803921566 0.02624509803921571
10 0.178125 0.381875 0.023706896551724144 0.02120689655172414
06 0.700625 0.885 0.06622844827586227 0.04747844827586212
19 0.081875 0.715625 0.03363636363636363 0.036136363636363744
15 0.950625 0.8375 0.031235795454545356 0.04998579545454529
04 0.03625 0.44875 0.039969512195121945 0.03246951219512201
