04 0.43562500000000004 0.8999999999999999 0.02373355263157889 0.019983552631578916
03 0.736875 0.529375 0.03374161073825499 0.03624161073825505
07 0.635625 0.433125 0.02120689655172403 0.0362068965517241
02 0.083125 0.095 0.02624444444444446 0.029994444444444462
08 0.435 0.423125 0.027488095238095256 0.028738095238095285
11 0.81875 0.579375 0.02749297752808988 0.018742977528089844
03 0.188125 0.365625 0.028745098039215683 0.013745098039215697
19 0.58125 0.6125 0.022456896551724115 0.012456896551724106
04 0.39375 0.82875 0.024978448275862042 0.022478448275862206
20 0.691875 0.739375 0.02113636363636373 0.02113636363636373
00 0.59625 0.6 0.019985795454545374 0.022485795454545432
04 0.253125 0.42500000000000004 0.02121951219512197 0.017469512195121994
