12 0.7075 0.541875 0.03248355263157887 0.05873355263157887
14 0.5306249999999999 0.43062500000000004 0.04124161073825505 0.043741610738255055
03 0.839375 0.043125 0.06370689655172412 0.06370689655172414
06 0.6675 0.468125 0.1199944444444444 0.011244444444444501
03 0.681875 0.926875 0.05123809523809508 0.031238095238095065
13 0.23625000000000002 0.64625 0.08249297752808984 0.1249929775280898
02 0.19624999999999998 0.421875 0.0724950980392157 0.031245098039215713
14 0.565625 0.665 0.0337068965517241 0.014956896551724164
06 0.364375 0.650625 0.02622844827586207 0.11122844827586209
03 0.21877840909090907 0.146875 0.07244318181818185 0.05613636363636365
