15 0.651875 0.0225 0.02873355263157884 0.019983552631578944
14 0.310625 0.23625000000000002 0.031241610738255043 0.05749161073825507
06 0.884375 0.406875 0.07870689655172414 0.03370689655172415
03 0.65875 0.49250000000000005 0.029994444444444324 0.04749444444444456
03 0.786875 0.6325000000000001 0.02623809523809517 0.04998809523809522
10 0.666875 0.28 0.018742977528089844 0.014992977528089868
20 0.49375 0.405625 0.019995098039215675 0.018745098039215702
13 0.380625 0.081875 0.028706896551724093 0.06620689655172414
03 0.238125 0.75 0.02372844827586207 0.05497844827586218
03 0.35124999999999995 0.15375 0.014886363636363587 0.029886363636363655
