15 0.27 0.034375 0.04998355263157897 0.02873355263157895
16 0.72875 0.736875 0.017491610738254892 0.03374161073825499
08 0.68375 0.860625 0.024956896551724173 0.026206896551724146
20 0.744375 0.26125 0.016244444444444284 0.017494444444444424
03 0.09937499999999999 0.15125 0.008738095238095225 0.02248809523809525
04 0.719375 0.771875 0.026242977528089906 0.028742977528089853
10 0.29500000000000004 0.725625 0.029995098039215684 0.028745098039215655
12 0.435 0.25625 0.024956896551724173 0.02745689655172409
04 0.29437500000000005 0.473125 0.021228448275862066 0.02372844827586207
05 0.6825 0.25875 0.01738636363636381 0.02738636363636368
02 0.889375 0.350625 0.013735795454545285 0.02123579545454546
08 0.983125 0.7418750000000001 0.016219512195121966 0.03371951219512204
