03 0.926875 0.10062499999999999 0.09623355263157896 0.10373355263157895
03 0.18375 0.31125 0.08249161073825506 0.06499161073825505
06 0.49749999999999994 0.9225 0.0674568965517241 0.1324568965517241
13 0.40125 0.5650000000000001 0.09249444444444449 0.15249444444444454
04 0.699375 0.7275 0.06123809523809509 0.034988095238095096
20 0.914375 0.98125 0.028742977528089853 0.027492977528089768
02 0.12 0.663125 0.04999509803921569 0.09124509803921566
01 0.33125000000000004 0.5875 0.044956896551724135 0.029956896551724066
08 0.94125 0.043125 0.06497844827586219 0.058728448275862065
20 0.11812500000000001 0.821875 0.02863636363636364 0.018636363636363784
06 0.8318749999999999 0.185 0.11873579545454527 0.08248579545454549
20 0.7949999999999999 0.44999999999999996 0.04496951219512202 0.03996951219512196
04 0.05437499999999999 0.454375 0.04873214285714285 0.038732142857142826
