13 0.849375 0.743125 0.05623355263157892 0.07123355263157893
08 0.251875 0.045625 0.021241610738255062 0.03124161073825503
20 0.87375 0.840625 0.022456896551724115 0.018706896551724195
08 0.259375 0.8556250000000001 0.013744444444444393 0.01874444444444434
03 0.8075 0.65875 0.02998809523809509 0.03748809523809504
03 0.255625 0.661875 0.09624297752808986 0.07374297752808978
03 0.8987499999999999 0.95375 0.017495098039215784 0.01999509803921562
03 0.103125 0.79 0.021206896551724128 0.029956896551724177
10 0.8725 0.305 0.03747844827586222 0.032478448275862104
08 0.31687499999999996 0.328125 0.02113636363636362 0.03113636363636363
18 0.943125 0.05125 0.026235795454545352 0.02748579545454545
20 0.30874999999999997 0.8049999999999999 0.034969512195121955 0.03246951219512206
