03 0.9199999999999999 0.3375 0.10498355263157888 0.022483552631578918
11 0.29375 0.700625 0.042491610738255026 0.02374161073825498
18 0.18562499999999998 0.915625 0.026206896551724118 0.028706896551724093
03 0.595625 0.505625 0.0687444444444445 0.0687444444444445
03 0.076875 0.14250000000000002 0.09373809523809523 0.047488095238095246
03 0.906875 0.389375 0.04124297752808981 0.04374297752808981
04 0.9375 0.0625 0.03999509803921564 0.042495098039215695
08 0.765625 0.60125 0.04870689655172411 0.02745689655172412
03 0.3975 0.663125 0.06497844827586208 0.0487284482758622
06 0.31499999999999995 0.12937500000000002 0.11238636363636362 0.021136363636363648
18 0.27625 0.193125 0.02498579545454549 0.026235795454545463
