03 0.21437500000000004 0.84375 0.10873355263157894 0.037483552631578876
03 0.114375 0.07500000000000001 0.08374161073825503 0.047491610738255044
13 0.869375 0.13686422413793103 0.05620689655172417 0.11122844827586205
07 0.41500000000000004 0.34187500000000004 0.07499444444444453 0.13624444444444445
13 0.5475 0.6125 0.11998809523809534 0.0924880952380952
14 0.8031250000000001 0.5425 0.06374297752808988 0.05499297752808985
03 0.774375 0.7481249999999999 0.09124509803921566 0.07124509803921575
03 0.8375 0.8262499999999999 0.03745689655172413 0.07245689655172416
12 0.423125 0.56125 0.07122844827586211 0.07247844827586203
05 0.146875 0.88 0.05613636363636365 0.03238636363636371
03 0.578125 0.70375 0.04873579545454554 0.04748579545454534
