09 0.135625 0.379375 0.09623355263157894 0.14123355263157894
20 0.28 0.911875 0.029991610738255015 0.031241610738254932
20 0.5081249999999999 0.5725 0.05620689655172406 0.03495689655172418
03 0.86625 0.08812500000000001 0.057494444444444404 0.03124444444444445
05 0.8887499999999999 0.9081250000000001 0.06748809523809507 0.04623809523809508
01 0.0925 0.676875 0.034992977528089886 0.028742977528089853
08 0.9075 0.404375 0.034995098039215744 0.06374509803921569
06 0.12937500000000002 0.06687499999999999 0.033706896551724125 0.07620689655172412
20 0.593125 0.871875 0.0587284482758621 0.05872844827586221
20 0.951875 0.900625 0.05613636363636376 0.0386363636363638
20 0.4125 0.5675 0.042485795454545505 0.044985795454545396
06 0.9156249999999999 0.89375 0.05871951219512195 0.057469512195121975
03 0.474375 0.208125 0.038732142857142826 0.07873214285714283
