09 0.1575 0.830625 0.05748355263157895 0.043733552631578854
03 0.599375 0.846875 0.04124161073825505 0.056241610738254955
19 0.845625 0.7418750000000001 0.0387068965517241 0.026206896551724035
11 0.35375 0.9275 0.02999444444444449 0.02499444444444432
05 0.51 0.515 0.03498809523809526 0.03748809523809521
03 0.77125 0.55625 0.0474929775280899 0.049992977528089844
03 0.14125 0.731875 0.032495098039215714 0.028745098039215766
03 0.453125 0.346875 0.05620689655172417 0.036206896551724155
03 0.428125 0.8899999999999999 0.02372844827586207 0.02747844827586221
18 0.614375 0.16125 0.023636363636363678 0.02488636363636365
12 0.69125 0.441875 0.04748579545454534 0.08123579545454546
10 0.47562499999999996 0.48375 0.028719512195121977 0.027469512195122003
04 0.558125 0.5856250000000001 0.036232142857142824 0.03123214285714282
