06 0.9200041118421053 0.34875 0.0774917763157894 0.039983552631578934
12 0.53 0.39 0.04499161073825508 0.04999161073825503
06 0.15437499999999998 0.33125 0.01620689655172411 0.02745689655172412
04 0.199375 0.8375 0.03624444444444441 0.03499444444444433
15 0.483125 0.415625 0.008738095238095267 0.0437380952380953
06 0.188125 0.390625 0.01874297752808987 0.09624297752808986
18 0.390625 0.6275 0.02374509803921565 0.024995098039215624
20 0.30374999999999996 0.92125 0.024956896551724117 0.02745689655172412
03 0.12625 0.520625 0.024978448275862056 0.028728448275862073
03 0.76125 0.256875 0.03238636363636371 0.06113636363636368
