03 0.733125 0.284375 0.02123355263157889 0.023733552631578947
18 0.7050000000000001 0.8175 0.029991610738254848 0.032491610738254906
03 0.938125 0.716875 0.07120689655172407 0.04870689655172411
03 0.09875 0.59375 0.02749444444444446 0.047494444444444506
06 0.360625 0.236875 0.03123809523809523 0.01123809523809527
03 0.770625 0.3625 0.036242977528089915 0.06999297752808986
06 0.708125 0.141875 0.023745098039215762 0.033745098039215715
05 0.18375 0.27 0.04995689655172414 0.022456896551724115
06 0.8075 0.6174999999999999 0.09997844827586211 0.007478448275861971
03 0.3075 0.17875000000000002 0.027386363636363653 0.04488636363636364
