04 0.94375 0.8456250000000001 0.027483552631578867 0.023733552631578836
01 0.39875 0.47625 0.027491610738255012 0.02999161073825507
08 0.934375 0.880625 0.03870689655172421 0.0387068965517241
14 0.058124999999999996 0.25 0.05374444444444445 0.009994444444444417
03 0.12375 0.7106250000000001 0.00998809523809524 0.01873809523809522
03 0.64625 0.456875 0.03499297752808994 0.03374297752808986
04 0.776875 0.303125 0.02624509803921571 0.026245098039215653
02 0.800625 0.625 0.046206896551724164 0.06745689655172415
10 0.73875 0.6956249999999999 0.02997844827586227 0.02372844827586229
11 0.4525 0.784375 0.0323863636363636 0.03113636363636374
05 0.8300000000000001 0.20625 0.024985795454545268 0.03498579545454547
18 0.198125 0.10250000000000001 0.011219512195121961 0.01496951219512195
04 0.6643749999999999 0.8025 0.03123214285714282 0.022482142857142895
06 0.6875 0.41000000000000003 0.06248750000000003 0.06498750000000003
