01 0.44875 0.46375 0.017483552631578914 0.017483552631578858
06 0.473125 0.715 0.061241610738255015 0.05499161073825487
08 0.41500000000000004 0.18375 0.04995689655172414 0.024956896551724117
01 0.460625 0.6493749999999999 0.04124444444444453 0.031244444444444408
07 0.675 0.88625 0.07998809523809525 0.054988095238095114
06 0.954375 0.734375 0.0837429775280899 0.036242977528089915
10 0.215625 0.596875 0.02374509803921568 0.02374509803921565
03 0.9806250000000001 0.03375 0.03120689655172415 0.027456896551724144
07 0.9199999999999999 0.626875 0.04497844827586228 0.018728448275862064
07 0.30062500000000003 0.13 0.028636363636363626 0.07988636363636364
03 0.78125 0.56375 0.02498579545454538 0.03248579545454544
13 0.723125 0.27 0.05371951219512194 0.057469512195122
