03 0.77625 0.625 0.03248355263157898 0.03498355263157893
03 0.47312709731543623 0.07250000000000001 0.021245805369127513 0.017491610738255045
12 0.295635775862069 0.424375 0.031228448275862075 0.028706896551724093
11 0.925 0.761875 0.019994444444444315 0.023744444444444346
10 0.043125 0.731875 0.02123809523809523 0.021238095238095167
14 0.16874999999999998 0.98125 0.024992977528089877 0.014992977528089813
03 0.5943762254901961 0.68625 0.013747549019607841 0.01999509803921573
06 0.49687499999999996 0.2475 0.023706896551724144 0.07245689655172413
03 0.3975 0.965 0.049978448275862064 0.032478448275862215
13 0.70125 0.26749999999999996 0.03238636363636371 0.027386363636363653
18 0.548125 0.574375 0.016235795454545454 0.018735795454545512
03 0.095 0.17125 0.027469512195121948 0.017469512195121967
