13 0.2275 0.54 0.034983552631578985 0.10998355263157894
17 0.48750000000000004 0.049374999999999995 0.03749161073825508 0.028741610738255027
01 0.368125 0.32875 0.02120689655172414 0.022456896551724115
03 0.03 0.14125 0.017494444444444448 0.032494444444444465
04 0.25375000000000003 0.7 0.03998809523809527 0.03998809523809521
08 0.195625 0.5175 0.041242977528089864 0.04749297752808984
19 0.6056250000000001 0.12625 0.013745098039215642 0.017495098039215687
01 0.12437499999999999 0.034999999999999996 0.013706896551724121 0.01245689655172413
03 0.91625 0.38625 0.01997844827586226 0.05997844827586207
15 0.545625 0.9143749999999999 0.033636363636363575 0.061136363636363655
19 0.961875 0.794375 0.03623579545454536 0.021235795454545348
15 0.28812499999999996 0.63625 0.038719512195121986 0.03246951219512195
08 0.73875 0.90875 0.01748214285714278 0.039982142857142855
