03 0.38125 0.673125 0.03248355263157893 0.01123355263157888
20 0.775 0.52125 0.022491610738254897 0.024991610738255066
18 0.33187500000000003 0.986875 0.01620689655172408 0.018706896551724195
08 0.84625 0.95 0.027494444444444377 0.047494444444444395
02 0.7706279761904762 0.49312500000000004 0.0537440476190475 0.036238095238095236
03 0.388125 0.11624999999999999 0.03374297752808986 0.032492977528089884
17 0.819375 0.3725 0.031245098039215713 0.032495098039215686
03 0.308125 0.09125 0.02120689655172414 0.029956896551724135
14 0.84375 0.34375 0.014978448275862144 0.0274784482758621
08 0.5875 0.016875 0.03488636363636366 0.016136363636363633
14 0.28875 0.9475 0.027485795454545436 0.037485795454545334
15 0.575 0.506875 0.027469512195121948 0.016219512195121966
02 0.62 0.33 0.03498214285714285 0.03498214285714285
