09 0.7225 0.416875 0.017483552631578858 0.02123355263157889
04 0.07500000000000001 0.330625 0.019991610738255047 0.018741610738255088
17 0.661875 0.59875 0.016206896551724137 0.02745689655172412
15 0.9550000000000001 0.48624999999999996 0.02749999999999997 0.024994444444444486
04 0.370625 0.529375 0.02373809523809528 0.021238095238095278
08 0.4387517556179775 0.6287499999999999 0.019996488764044917 0.032492977528089884
11 0.69375 0.73375 0.017495098039215673 0.01999509803921562
03 0.135625 0.38 0.02370689655172413 0.03995689655172413
11 0.379375 0.26375000000000004 0.021228448275862066 0.02247844827586204
03 0.9456249999999999 0.04684659090909091 0.036136363636363744 0.028693181818181812
