04 0.32625 0.089375 0.03748355263157899 0.023733552631578947
08 0.39875 0.9456249999999999 0.03749161073825502 0.026241610738254928
03 0.47125 0.749375 0.04745689655172414 0.026206896551724146
03 0.33375 0.273125 0.06749444444444447 0.048744444444444396
07 0.259375 0.455625 0.04123809523809524 0.02873809523809523
03 0.671875 0.7012499999999999 0.053742977528089764 0.032492977528089884
03 0.869375 0.40125 0.0162450980392157 0.03999509803921569
07 0.420625 0.15812500000000002 0.011206896551724077 0.046206896551724136
01 0.330625 0.698125 0.02372844827586207 0.018728448275862286
13 0.469375 0.17875000000000002 0.043636363636363584 0.07238636363636367
03 0.155625 0.940625 0.07873579545454547 0.02623579545454524
14 0.33875 0.35125 0.029969512195122006 0.029969512195122006
01 0.09625 0.34562499999999996 0.03498214285714285 0.023732142857142813
03 0.525625 0.676875 0.03873750000000009 0.043737499999999985
