14 0.40875 0.09437499999999999 0.047483552631578885 0.036233552631578944
00 0.9 0.93875 0.02999161073825496 0.022491610738254897
19 0.14500000000000002 0.255625 0.024956896551724145 0.04870689655172411
06 0.33 0.221875 0.03499444444444444 0.11124444444444445
03 0.39937500000000004 0.799375 0.03123809523809523 0.01873809523809522
14 0.97875 0.40625 0.019992977528089817 0.029992977528089826
03 0.87625 0.486875 0.034995098039215744 0.0837450980392157
07 0.889375 0.46187500000000004 0.0337068965517241 0.07870689655172419
03 0.555625 0.249375 0.028728448275862073 0.018728448275862064
04 0.4575 0.82375 0.0323863636363636 0.022386363636363704
03 0.44937499999999997 0.97 0.04373579545454548 0.017485795454545316
