14 0.17062500000000003 0.565625 0.07373355263157896 0.031233552631578898
03 0.280625 0.6468749999999999 0.018741610738255032 0.03374161073825499
06 0.8943749999999999 0.140625 0.0337068965517241 0.16870689655172413
06 0.85375 0.841875 0.1149944444444444 0.09624444444444435
00 0.766875 0.749375 0.058738095238095145 0.06123809523809509
20 0.16625 0.323125 0.04749297752808987 0.03624297752808986
07 0.805625 0.625625 0.02374509803921565 0.15374509803921566
20 0.325625 0.3925 0.026206896551724146 0.022456896551724115
06 0.7793749999999999 0.558125 0.026228448275862237 0.03872844827586208
03 0.8574999999999999 0.384375 0.05988636363636368 0.05113636363636359
