01 0.41500000000000004 0.4725 0.007483552631578905 0.009983552631578907
14 0.9325000000000001 0.96 0.0274916107382549 0.0274916107382549
00 0.274375 0.6637500000000001 0.016206896551724137 0.01745689655172422
20 0.6637500000000001 0.513125 0.017494444444444368 0.018744444444444563
00 0.483125 0.16 0.026238095238095227 0.02248809523809525
18 0.9612499999999999 0.649375 0.012492977528089866 0.016242977528089786
03 0.5862499999999999 0.66875 0.012495098039215669 0.014995098039215615
03 0.48126077586206895 0.20125 0.017478448275862035 0.034956896551724126
03 0.698125 0.669375 0.026228448275862126 0.01622844827586223
18 0.678125 0.406875 0.011136363636363722 0.013636363636363613
03 0.9081250000000001 0.388125 0.031235795454545356 0.016235795454545454
12 0.8787499999999999 0.259375 0.024969512195122 0.031219512195122007
04 0.45875 0.9425 0.02248214285714284 0.014982142857142833
05 0.12125 0.10375000000000001 0.014987500000000029 0.02498750000000001
