08 0.2981208881578947 0.73625 0.018741776315789493 0.014983552631578911
18 0.38375000000000004 0.4225 0.027491610738255068 0.02999161073825507
09 0.649375 0.848125 0.05620689655172406 0.016206896551724137
11 0.061875 0.766875 0.03624444444444444 0.033744444444444355
15 0.435 0.33499999999999996 0.0149880952380953 0.022488095238095307
03 0.74875 0.31 0.049992977528089844 0.0524929775280899
07 0.665 0.858125 0.012495098039215669 0.05124509803921573
19 0.9175 0.735 0.029956896551724066 0.039956896551724075
20 0.566875 0.9 0.02122844827586201 0.022478448275862206
00 0.32999999999999996 0.49375 0.0298863636363636 0.02488636363636365
12 0.955625 0.590625 0.06373579545454533 0.041235795454545476
08 0.686875 0.5 0.018719512195122023 0.04746951219512202
20 0.10125 0.588125 0.01998214285714288 0.016232142857142806
