05 0.46625 0.79375 0.03248355263157887 0.022483552631578863
14 0.600625 0.33999999999999997 0.038741610738255106 0.01749161073825506
18 0.889375 0.056249999999999994 0.023706896551724088 0.024956896551724138
03 0.93625 0.7462500000000001 0.02499444444444432 0.027494444444444377
20 0.8868750000000001 0.042499999999999996 0.013738095238095105 0.014988095238095238
18 0.22062500000000002 0.9337500000000001 0.021242977528089874 0.022492977528089875
04 0.925 0.9393750000000001 0.01999509803921573 0.018745098039215757
06 0.95375 0.6568750000000001 0.08995689655172412 0.011206896551724133
16 0.468125 0.76 0.041228448275862084 0.03497844827586216
13 0.504375 0.575625 0.10363636363636358 0.04113636363636364
08 0.596875 0.32999999999999996 0.02123579545454546 0.04498579545454545
06 0.116875 0.595 0.10871951219512198 0.019969512195121997
