13 0.225625 0.28375 0.05123355263157897 0.05498355263157895
08 0.30812709731543625 0.180625 0.04874580536912754 0.043741610738255055
20 0.96875 0.485625 0.029956896551724066 0.028706896551724148
18 0.495 0.5137499999999999 0.02249444444444454 0.02499444444444443
14 0.07625 0.20375 0.024988095238095226 0.019988095238095277
10 0.280625 0.9568749999999999 0.028742977528089853 0.026242977528089795
03 0.6956249999999999 0.76 0.05374509803921568 0.017495098039215673
03 0.11061422413793104 0.49062500000000003 0.053728448275862054 0.04120689655172416
00 0.541875 0.5331250000000001 0.04122844827586203 0.036228448275862024
18 0.52875 0.429375 0.022386363636363593 0.026136363636363624
14 0.12062500000000001 0.8875 0.033735795454545484 0.054985795454545294
04 0.15000000000000002 0.286875 0.029969512195121978 0.028719512195121977
