11 0.98375 0.019375 0.022483552631578974 0.031233552631578947
17 0.1275 0.20124999999999998 0.024991610738255066 0.029991610738255042
03 0.733760775862069 0.946875 0.01747844827586209 0.016206896551724137
19 0.115 0.116875 0.029994444444444462 0.03624444444444447
08 0.204375 0.440625 0.056238095238095254 0.031238095238095287
10 0.326875 0.855625 0.021242977528089846 0.018742977528089844
09 0.265 0.5275000000000001 0.032495098039215714 0.03499509803921563
03 0.27375 0.2475 0.01745689655172411 0.05995689655172412
13 0.4325 0.21000000000000002 0.09747844827586205 0.1174784482758621
07 0.354375 0.339375 0.016136363636363615 0.03613636363636358
03 0.855 0.7987500000000001 0.03498579545454539 0.04248579545454534
18 0.699375 0.334375 0.018719512195122023 0.02121951219512197
20 0.106875 0.029375 0.018732142857142864 0.01373214285714286
09 0.97 0.7068749999999999 0.039987500000000065 0.036237500000000034
