07 0.79625 0.93625 0.06998355263157885 0.08998355263157887
00 0.7825 0.516875 0.024991610738254955 0.018741610738255088
18 0.343125 0.90625 0.02120689655172414 0.022456896551724226
01 0.6525 0.095625 0.027494444444444488 0.023744444444444457
00 0.736875 0.7268749999999999 0.041238095238095185 0.02623809523809506
10 0.6231249999999999 0.21687499999999998 0.023742977528089848 0.01874297752808987
18 0.543125 0.09125 0.018745098039215646 0.02249509803921569
03 0.3075 0.38687499999999997 0.034956896551724126 0.023706896551724144
02 0.084375 0.80125 0.026228448275862057 0.05247844827586223
10 0.1925 0.190625 0.027386363636363653 0.026136363636363652
08 0.41125 0.48812500000000003 0.06248579545454547 0.041235795454545476
