06 0.348125 0.26625 0.11123355263157891 0.049983552631579
04 0.39625 0.26125 0.02999161073825507 0.03499161073825505
06 0.44375 0.374375 0.02745689655172412 0.11870689655172412
20 0.1825 0.62375 0.019994444444444426 0.019994444444444537
20 0.62375 0.135 0.027488095238095256 0.024988095238095226
20 0.326875 0.505625 0.023742977528089904 0.023742977528089904
09 0.15875 0.150625 0.05749509803921571 0.0487450980392157
03 0.088125 0.8887499999999999 0.03870689655172413 0.09245689655172418
20 0.96 0.056249999999999994 0.022478448275862206 0.019978448275862058
10 0.039999999999999994 0.9125 0.04238636363636363 0.04238636363636372
12 0.67375 0.4075 0.08248579545454549 0.052485795454545514
03 0.43875 0.8062499999999999 0.04246951219512202 0.03496951219512201
15 0.07312500000000001 0.673125 0.033732142857142856 0.0687321428571428
