08 0.0925 0.27812499999999996 0.07748355263157897 0.10623355263157894
02 0.205625 0.108125 0.02624161073825504 0.02624161073825504
04 0.43374999999999997 0.711875 0.03995689655172413 0.036206896551724155
12 0.48625 0.500625 0.07499444444444447 0.07374444444444456
03 0.16125 0.64125 0.06248809523809526 0.03248809523809526
03 0.18937500000000002 0.135625 0.08624297752808988 0.031242977528089896
06 0.49125 0.20375 0.042495098039215695 0.02749509803921571
00 0.388125 0.405 0.036206896551724155 0.02995689655172412
05 0.8999999999999999 0.746875 0.049978448275862175 0.026228448275862237
14 0.11562499999999999 0.18125000000000002 0.058636363636363625 0.02488636363636368
18 0.09812499999999999 0.25125 0.023735795454545475 0.027485795454545492
14 0.7637499999999999 0.0525 0.057469512195121975 0.04746951219512195
