05 0.225 0.9299999999999999 0.05998355263157901 0.027483552631578978
03 0.7775020973154363 0.5587500000000001 0.037495805369127444 0.03249161073825502
18 0.8218749999999999 0.661875 0.0337068965517241 0.036206896551724155
03 0.8887499999999999 0.09187500000000001 0.1099944444444444 0.028744444444444447
03 0.334375 0.23249999999999998 0.04123809523809524 0.09498809523809526
03 0.5037499999999999 0.916875 0.06499297752808986 0.04874297752808987
03 0.78875 0.576875 0.0474950980392157 0.03624509803921572
03 0.495 0.6325000000000001 0.049956896551724084 0.06745689655172404
05 0.135 0.16999999999999998 0.04997844827586208 0.03997844827586208
12 0.5975 0.23312500000000003 0.04988636363636356 0.05613636363636368
14 0.18562499999999998 0.87375 0.05373579545454546 0.03998579545454528
03 0.1 0.526875 0.06746951219512194 0.033719512195121926
14 0.36312500000000003 0.76125 0.048732142857142835 0.06498214285714288
