13 0.503125 0.39125 0.033733552631578845 0.09248355263157892
18 0.170625 0.948125 0.02624161073825504 0.028741610738254986
08 0.54375 0.19125 0.05495689655172409 0.04245689655172413
18 0.21187499999999998 0.7050000000000001 0.02374444444444443 0.02499444444444443
03 0.89375 0.7106250000000001 0.12248809523809512 0.05623809523809509
03 0.7887500000000001 0.900625 0.05499297752808985 0.028742977528089853
19 0.673125 0.654375 0.0162450980392157 0.038745098039215664
15 0.613125 0.33687500000000004 0.04870689655172411 0.041206896551724104
01 0.32999999999999996 0.370625 0.027478448275862044 0.028728448275862073
03 0.69875 0.03874999999999999 0.047386363636363726 0.04488636363636363
14 0.436875 0.71375 0.07123579545454545 0.029985795454545272
19 0.19187500000000002 0.615 0.04121951219512196 0.0349695121951219
