03 0.12312500000000001 0.519375 0.016233552631578954 0.04623355263157891
03 0.03125 0.66625 0.01749161073825503 0.02999161073825496
08 0.5525 0.3875 0.04245689655172413 0.012456896551724106
06 0.3493763888888889 0.333125 0.023747222222222253 0.061244444444444435
15 0.6275 0.190625 0.012488095238095354 0.018738095238095248
03 0.6475 0.013125 0.02499297752808982 0.021242977528089887
14 0.45125000000000004 0.48375 0.01499509803921567 0.032495098039215686
06 0.681875 0.808125 0.05120689655172406 0.07620689655172419
03 0.9275 0.585 0.00997844827586225 0.0274784482758621
03 0.03 0.6025 0.01738636363636363 0.02488636363636354
09 0.494375 0.881875 0.02123579545454546 0.0337357954545453
06 0.036875 0.709375 0.008719512195121945 0.03121951219512198
03 0.208125 0.041249999999999995 0.013732142857142832 0.024982142857142852
17 0.74625 0.16125 0.022487499999999994 0.024987499999999996
