06 0.7050000000000001 0.875625 0.012483552631578854 0.0887335526315789
06 0.8181229026845638 0.198125 0.06874580536912756 0.11374161073825506
04 0.94 0.48375 0.032456896551724124 0.019956896551724113
05 0.635625 0.483125 0.031244444444444408 0.028744444444444517
03 0.833125 0.9875 0.031238095238095065 0.019988095238095194
15 0.22499999999999998 0.433125 0.017492977528089843 0.04624297752808987
08 0.1225 0.34875 0.017495098039215673 0.042495098039215695
08 0.599375 0.19 0.0387068965517241 0.02995689655172412
03 0.031875 0.9725 0.008728448275862073 0.032478448275862215
03 0.705 0.37875000000000003 0.08238636363636376 0.07988636363636364
06 0.8887499999999999 0.88125 0.03998579545454539 0.01498579545454537
03 0.61 0.235625 0.07496951219512193 0.028719512195121977
16 0.6443749999999999 0.05312499999999999 0.04873214285714289 0.04623214285714285
04 0.110625 0.370625 0.03623750000000002 0.03123750000000003
