08 0.06874999999999999 0.8356250000000001 0.029983552631578946 0.02123355263157889
03 0.87875 0.86625 0.042491610738254915 0.09749161073825496
08 0.41125 0.441875 0.03745689655172413 0.0362068965517241
03 0.11375 0.450625 0.029994444444444462 0.018744444444444452
05 0.241875 0.374375 0.026238095238095283 0.038738095238095294
09 0.8356250000000001 0.44375 0.026242977528089795 0.04249297752808984
20 0.63625 0.63375 0.024995098039215735 0.027495098039215682
03 0.1125 0.27875 0.012456896551724134 0.032456896551724124
08 0.09125538793103449 0.155625 0.03748922413793103 0.06372844827586208
03 0.385625 0.816875 0.0636363636363636 0.04863636363636381
