01 0.55125 0.088125 0.017483552631578858 0.01623355263157894
12 0.36812500000000004 0.825 0.03874161073825505 0.032491610738254906
05 0.928125 0.72375 0.026206896551724146 0.022456896551724226
10 0.9275 0.2125 0.022494444444444373 0.014994444444444421
16 0.33375 0.8575 0.037488095238095265 0.037488095238095154
18 0.825625 0.5956250000000001 0.018742977528089955 0.0212429775280899
01 0.41000000000000003 0.358125 0.019995098039215675 0.02124509803921565
04 0.5875 0.045 0.024956896551724173 0.02745689655172414
10 0.8475 0.801875 0.022478448275862206 0.016228448275862117
10 0.58375 0.715625 0.022386363636363593 0.026136363636363735
03 0.348125 0.854375 0.013735795454545452 0.026235795454545352
20 0.875 0.575 0.019969512195121997 0.01746951219512194
03 0.033124999999999995 0.895 0.05873214285714285 0.0374821428571428
07 0.365003125 0.038125 0.01749375000000003 0.0512375
