02 0.569375 0.328125 0.2087335526315789 0.19873355263157894
03 0.410625 0.6299999999999999 0.07124161073825502 0.09999161073825491
20 0.40625 0.21625 0.03745689655172413 0.022456896551724115
03 0.39625 0.08000000000000002 0.05499444444444451 0.10499444444444446
20 0.7893749999999999 0.103125 0.08123809523809522 0.04873809523809523
05 0.86875 0.306875 0.09999297752808989 0.09124297752808985
01 0.21250000000000002 0.90625 0.062495098039215685 0.059995098039215655
12 0.595625 0.37375 0.08870689655172415 0.09745689655172413
13 0.88 0.271875 0.15747844827586222 0.10622844827586206
04 0.9025000000000001 0.956875 0.08988636363636371 0.05113636363636376
03 0.343125 0.361875 0.25623579545454545 0.1962357954545455
01 0.45437500000000003 0.61625 0.09871951219512198 0.06246951219512198
