10 0.7775000000000001 0.646875 0.03248355263157887 0.0362335526315789
18 0.609375 0.459375 0.018741610738254977 0.02124161073825509
03 0.18125 0.51625 0.02995689655172412 0.054956896551724144
18 0.38375000000000004 0.87 0.01999444444444448 0.022494444444444373
20 0.48625 0.975625 0.027488095238095256 0.023738095238095114
03 0.345 0.12875 0.02999297752808988 0.019992977528089886
11 0.279375 0.9550000000000001 0.031245098039215713 0.022495098039215677
11 0.81 0.08499999999999999 0.029956896551724177 0.022456896551724143
12 0.9781249999999999 0.396875 0.036228448275862246 0.03622844827586208
03 0.6412500000000001 0.7749999999999999 0.029886363636363655 0.02738636363636371
04 0.254375 0.8768750000000001 0.028735795454545465 0.023735795454545294
