04 0.32875 0.32999999999999996 0.04748355263157894 0.03498355263157893
03 0.175625 0.32625 0.04874161073825506 0.024991610738255066
03 0.931875 0.06125 0.05120689655172406 0.01995689655172414
10 0.503125 0.495625 0.038744444444444526 0.026244444444444515
20 0.1125 0.320625 0.04248809523809524 0.033738095238095234
18 0.176875 0.675 0.03624297752808989 0.039992977528089835
08 0.6525000000000001 0.719375 0.02999509803921574 0.08124509803921565
07 0.43062500000000004 0.3775 0.028706896551724148 0.06745689655172415
03 0.64375 0.280625 0.07247844827586214 0.05122844827586204
10 0.711875 0.90875 0.04113636363636375 0.029886363636363655
