03 0.541875 0.861875 0.01873355263157883 0.04123355263157891
03 0.12125 0.769375 0.03749161073825506 0.031241610738254932
15 0.075 0.039375 0.03495689655172413 0.06620689655172414
06 0.869375 0.43875 0.08624444444444435 0.0999944444444445
04 0.8200000000000001 0.27875 0.04248809523809516 0.047488095238095274
03 0.3125 0.80125 0.049992977528089844 0.039992977528089835
03 0.76625 0.055624999999999994 0.027495098039215682 0.07624509803921568
03 0.255625 0.9325 0.05120689655172414 0.06745689655172415
04 0.611875 0.8 0.04122844827586214 0.032478448275862215
06 0.830625 0.653125 0.08613636363636379 0.07863636363636373
03 0.575 0.840625 0.047485795454545454 0.023735795454545294
08 0.22249999999999998 0.3325 0.029969512195121978 0.04496951219512196
08 0.19874999999999998 0.435625 0.024982142857142814 0.06623214285714285
03 0.7975 0.928125 0.05998750000000008 0.043737499999999985
