06 0.68625 0.020624999999999998 0.017483552631578858 0.018733552631578946
10 0.264375 0.9143749999999999 0.026241610738255094 0.02374161073825498
03 0.32625000000000004 0.929375 0.05995689655172415 0.06870689655172413
18 0.7375 0.34125 0.022494444444444373 0.022494444444444484
10 0.339375 0.438125 0.02373809523809528 0.021238095238095278
03 0.375625 0.444375 0.023742977528089848 0.028742977528089853
05 0.3325 0.14875 0.027495098039215682 0.019995098039215703
03 0.49812500000000004 0.67875 0.0262068965517242 0.014956896551724164
06 0.615 0.278125 0.08247844827586215 0.018728448275862064
08 0.06125 0.579375 0.04238636363636363 0.04613636363636364
