03 0.9275 0.881875 0.017483552631578858 0.018733552631578942
03 0.9043749999999999 0.42125 0.013741610738254972 0.02999161073825507
20 0.15000000000000002 0.32499999999999996 0.014956896551724136 0.014956896551724108
08 0.569375 0.80375 0.018744444444444563 0.029994444444444324
11 0.16062500000000002 0.895 0.02123809523809525 0.017488095238095136
03 0.641875 0.195625 0.0212429775280899 0.023742977528089848
11 0.10125 0.053125 0.017495098039215687 0.018745098039215688
01 0.54375 0.163125 0.014956896551724053 0.011206896551724133
20 0.546875 0.546875 0.01372844827586217 0.01372844827586217
04 0.49 0.8625 0.01988636363636359 0.019886363636363757
18 0.17375000000000002 0.25375000000000003 0.009985795454545449 0.012485795454545479
01 0.31 0.6125 0.014969512195121992 0.012469512195122046
08 0.834375 0.514375 0.01373214285714286 0.026232142857142815
20 0.044375 0.724375 0.0137375 0.011237500000000011
