08 0.90875 0.86625 0.012483552631578854 0.037483552631578876
15 0.38187499999999996 0.838125 0.02874161073825504 0.026241610738254817
03 0.186875 0.36312500000000003 0.021206896551724114 0.03370689655172415
04 0.93625 0.096875 0.027494444444444377 0.02624444444444446
01 0.6781250000000001 0.27312499999999995 0.021238095238095167 0.02373809523809528
06 0.675 0.766875 0.019992977528089928 0.026242977528089906
13 0.443125 0.5887500000000001 0.0737450980392157 0.1049950980392157
12 0.815625 0.31125 0.03120689655172415 0.03245689655172418
10 0.813125 0.301875 0.026228448275862126 0.021228448275862066
03 0.2 0.786875 0.017386363636363672 0.023636363636363678
02 0.7718785511363637 0.434375 0.031242897727272623 0.016235795454545454
03 0.194375 0.859375 0.04121951219512199 0.033719512195121926
