03 0.14250000000000002 0.433125 0.09748355263157894 0.048733552631578914
18 0.51875 0.1575 0.03749161073825513 0.03999161073825502
02 0.21437499999999998 0.43125 0.05870689655172415 0.05745689655172409
06 0.9299999999999999 0.84375 0.029994444444444324 0.054994444444444346
02 0.05875 0.5331250000000001 0.06248809523809523 0.03623809523809529
11 0.364375 0.923125 0.05624297752808982 0.06374297752808988
03 0.7475 0.6018749999999999 0.052495098039215704 0.036245098039215606
15 0.52 0.060625 0.04245689655172408 0.031206896551724143
06 0.684375 0.21687499999999998 0.05122844827586215 0.03622844827586205
03 0.6875 0.28812499999999996 0.05488636363636368 0.05863636363636365
