18 0.56375 0.5475 0.014983552631578911 0.017483552631578858
18 0.435 0.41500000000000004 0.014991610738255057 0.01749161073825506
19 0.395625 0.759375 0.013706896551724135 0.026206896551724146
10 0.360625 0.755 0.028744444444444517 0.019994444444444426
03 0.42874999999999996 0.34750000000000003 0.059988095238095285 0.03998809523809527
07 0.971875 0.969375 0.04124297752808992 0.02124297752808979
11 0.234375 0.56375 0.023745098039215706 0.024995098039215735
12 0.5425 0.6975 0.024956896551724173 0.029956896551724066
20 0.6012500000000001 0.600625 0.014978448275862033 0.016228448275862006
05 0.45625 0.08 0.01738636363636359 0.029886363636363628
20 0.76 0.013749999999999998 0.009985795454545254 0.009985795454545454
06 0.7262500000000001 0.641875 0.05996951219512192 0.026219512195121975
