19 0.9612499999999999 0.021875 0.02498355263157881 0.038733552631578946
06 0.77625 0.398125 0.014991610738254835 0.11374161073825506
03 0.598125 0.25375000000000003 0.028706896551724093 0.06995689655172416
04 0.72125 0.401875 0.04249444444444428 0.023744444444444512
09 0.5918749999999999 0.268125 0.033738095238095345 0.023738095238095225
07 0.8206249999999999 0.46687500000000004 0.07124297752808995 0.04624297752808987
03 0.85875 0.31 0.04499509803921575 0.017495098039215673
06 0.22312500000000002 0.36624999999999996 0.033706896551724125 0.012456896551724161
08 0.11125000000000002 0.403125 0.03997844827586207 0.028728448275862073
11 0.295 0.21437499999999998 0.03488636363636366 0.02363636363636365
20 0.15999999999999998 0.3675 0.024985795454545462 0.022485795454545432
