03 0.6325000000000001 0.70375 0.07998355263157897 0.04998355263157883
03 0.26375000000000004 0.949375 0.06499161073825505 0.07374161073825491
06 0.87 0.42625 0.13745689655172422 0.08245689655172411
06 0.168125 0.14125 0.023744444444444457 0.19749444444444444
20 0.2575 0.785625 0.04998809523809525 0.04623809523809519
14 0.20875 0.27562324438202246 0.07749297752808984 0.12624648876404496
08 0.56375 0.7 0.034995098039215744 0.03999509803921575
08 0.2125 0.225 0.03745689655172413 0.03995689655172413
08 0.48749461206896555 0.25312500000000004 0.05998922413793106 0.09372844827586208
09 0.495 0.31999999999999995 0.05988636363636357 0.042386363636363666
09 0.25625 0.8768750000000001 0.022485795454545487 0.0962357954545453
19 0.641875 0.6581250000000001 0.07371951219512196 0.03871951219512193
