20 0.356875 0.595625 0.043733552631578854 0.0362335526315789
13 0.73375 0.143125 0.09749161073825485 0.17874161073825506
02 0.8318749999999999 0.721875 0.11620689655172411 0.18620689655172418
07 0.09312500000000001 0.22875 0.04124444444444446 0.09249444444444443
18 0.88375 0.81125 0.04998809523809511 0.05248809523809517
03 0.7987500000000001 0.936875 0.08749297752808982 0.08124297752808984
03 0.204375 0.579375 0.061245098039215684 0.1312450980392157
06 0.779375 0.763125 0.04870689655172411 0.13370689655172419
20 0.795 0.46625 0.06497844827586219 0.06747844827586202
04 0.6812499999999999 0.53125 0.07738636363636375 0.04488636363636367
10 0.30374999999999996 0.681875 0.06998579545454547 0.05123579545454526
10 0.37312500000000004 0.971875 0.038719512195121986 0.03621951219512198
