18 0.74625 0.505 0.014983552631578911 0.017483552631578858
07 0.524375 0.67875 0.04124161073825505 0.029991610738254848
19 0.34875 0.53625 0.022456896551724115 0.024956896551724173
09 0.6993750000000001 0.135 0.02874444444444435 0.037494444444444455
18 0.484375 0.586875 0.01873809523809522 0.021238095238095278
03 0.130625 0.030625 0.016242977528089883 0.031242977528089882
03 0.28375 0.891875 0.024995098039215735 0.018745098039215646
01 0.3025 0.10375000000000001 0.01745689655172411 0.019956896551724126
12 0.826875 0.43374999999999997 0.03872844827586219 0.04247844827586206
04 0.940625 0.40875 0.026136363636363735 0.022386363636363593
08 0.46687500000000004 0.295625 0.038735795454545474 0.031235795454545467
18 0.544375 0.735625 0.02121951219512208 0.023719512195122028
