10 0.18937500000000002 0.691875 0.04373355263157899 0.04123355263157891
03 0.5825 0.24 0.08249161073825506 0.03749161073825502
01 0.74125 0.860625 0.04495689655172408 0.04120689655172416
04 0.274375 0.18562499999999998 0.04124444444444442 0.04374444444444445
18 0.731875 0.026875000000000003 0.031238095238095176 0.03373809523809524
08 0.44562500000000005 0.274375 0.021242977528089846 0.043742977528089866
06 0.594375 0.26875000000000004 0.05124509803921562 0.019995098039215675
15 0.175 0.06625 0.01995689655172414 0.05745689655172413
10 0.490625 0.27 0.04122844827586203 0.03497844827586205
20 0.16 0.691875 0.027386363636363653 0.023636363636363678
14 0.6475 0.7324999999999999 0.03248579545454544 0.054985795454545294
03 0.9075 0.3825 0.027469512195121948 0.03746951219512196
