01 0.604375 0.033125 0.051233552631578805 0.033733552631578956
08 0.1375 0.14 0.06999161073825506 0.029991610738255042
04 0.265625 0.8049999999999999 0.04870689655172411 0.04245689655172413
04 0.6343749999999999 0.551875 0.053744444444444484 0.043744444444444586
18 0.5549999999999999 0.18125 0.037488095238095265 0.03998809523809527
03 0.48250000000000004 0.08374999999999999 0.062492977528089855 0.04499297752808988
03 0.44937499999999997 0.06687499999999999 0.061245098039215684 0.02124509803921569
03 0.14125 0.21500000000000002 0.07245689655172413 0.06495689655172412
12 0.43625 0.734375 0.05747844827586207 0.08122844827586229
03 0.23625 0.565 0.03738636363636366 0.029886363636363655
06 0.21125 0.49749999999999994 0.11248579545454548 0.09248579545454544
20 0.763125 0.5425 0.026219512195121975 0.024969512195122
03 0.75625 0.7106250000000001 0.04498214285714286 0.026232142857142926
