08 0.955625 0.744375 0.023733552631578836 0.08123355263157883
06 0.510625 0.334375 0.11624161073825506 0.07624161073825503
06 0.825625 0.5856250000000001 0.1437068965517242 0.06120689655172418
04 0.11375 0.1275 0.04749444444444448 0.03999444444444446
07 0.61625 0.87125 0.017488095238095247 0.06998809523809513
10 0.7262500000000001 0.365 0.02499297752808982 0.022492977528089875
03 0.9275 0.278125 0.032495098039215686 0.021245098039215704
13 0.42625 0.75125 0.15245689655172412 0.0649568965517241
03 0.6275000000000001 0.93125 0.0274784482758621 0.042478448275862224
04 0.569375 0.198125 0.0636363636363636 0.04863636363636367
20 0.7925 0.226875 0.03498579545454539 0.028735795454545465
20 0.098125 0.055 0.05121951219512194 0.04746951219512195
17 0.74875 0.535625 0.05498214285714287 0.061232142857142846
