02 0.43999999999999995 0.19 0.007483552631578905 0.01748355263157897
04 0.278125 0.93625 0.021241610738255035 0.014991610738254946
17 0.426875 0.953125 0.036206896551724155 0.03120689655172404
08 0.688125 0.948125 0.033744444444444355 0.033744444444444355
20 0.84125 0.110625 0.02248809523809514 0.021238095238095223
12 0.5575 0.75125 0.03249297752808977 0.02499297752808982
01 0.375 0.600625 0.01999509803921573 0.018745098039215757
06 0.56 0.278125 0.00995689655172416 0.07620689655172411
03 0.04375 0.28625 0.032478448275862076 0.01747844827586209
12 0.291875 0.04875 0.033636363636363686 0.02488636363636363
