03 0.65125 0.7206250000000001 0.02498355263157892 0.023733552631578836
04 0.4575 0.8512500000000001 0.027491610738255068 0.017491610738254892
05 0.39625 0.78625 0.02995689655172412 0.01745689655172411
02 0.606875 0.7731250000000001 0.028744444444444572 0.021244444444444288
06 0.18375000000000002 0.545 0.05998809523809526 0.009988095238095296
07 0.47 0.6575 0.007492977528089806 0.022492977528089875
03 0.11124877450980392 0.078125 0.017497549019607858 0.041245098039215694
09 0.236875 0.27625 0.01870689655172414 0.02995689655172412
03 0.604375 0.8075 0.02122844827586201 0.032478448275862215
02 0.14937499999999998 0.21875 0.018636363636363645 0.03238636363636366
01 0.541875 0.25625 0.013735795454545396 0.012485795454545479
16 0.718125 0.8375 0.023719512195121917 0.039969512195122014
09 0.14125 0.11875 0.022482142857142867 0.01998214285714288
