18 0.85375 0.805 0.012483552631578965 0.014983552631578911
03 0.22499999999999998 0.395625 0.02749161073825504 0.033741610738255046
05 0.618125 0.65625 0.01370689655172408 0.032456896551724235
06 0.895625 0.975 0.058744444444444266 0.04249444444444439
01 0.9256249999999999 0.4 0.011238095238095158 0.014988095238095245
03 0.8362499999999999 0.951875 0.0524929775280899 0.028742977528089853
09 0.6325000000000001 0.60625 0.04499509803921564 0.027495098039215682
05 0.575625 0.42125 0.01370689655172408 0.02995689655172412
13 0.520625 0.525 0.061228448275862046 0.07997844827586209
04 0.9706250000000001 0.506875 0.026136363636363735 0.023636363636363622
10 0.10875 0.675 0.019985795454545457 0.017485795454545316
10 0.061875 0.104375 0.021219512195121942 0.021219512195121942
04 0.4075 0.98875 0.02248214285714284 0.019982142857142837
