08 0.8574958881578947 0.141875 0.01999177631578941 0.02623355263157895
03 0.811875 0.8225 0.03374161073825488 0.017491610738254892
15 0.436875 0.469375 0.01870689655172414 0.013706896551724135
11 0.9325 0.27 0.02499444444444432 0.019994444444444426
18 0.485625 0.755625 0.016238095238095218 0.01873809523809511
12 0.921875 0.266875 0.03874297752808986 0.041242977528089864
15 0.458125 0.585 0.046245098039215726 0.032495098039215686
20 0.848125 0.568125 0.018706896551724084 0.018706896551724084
06 0.345 0.5937446120689656 0.08247844827586209 0.029989224137931036
02 0.22312500000000002 0.545625 0.026136363636363652 0.04113636363636364
13 0.906875 0.678125 0.016235795454545343 0.058735795454545325
13 0.085625 0.916875 0.018719512195121954 0.07371951219512196
