03 0.13125 0.579375 0.052483552631578945 0.033733552631578956
03 0.9143749999999999 0.766875 0.06874161073825491 0.0537416107382549
18 0.1475 0.135625 0.024956896551724117 0.028706896551724134
08 0.8356250000000001 0.4225 0.06624444444444444 0.022494444444444484
10 0.885625 0.3325 0.023738095238095225 0.03248809523809526
10 0.168125 0.16999999999999998 0.043742977528089866 0.03499297752808986
14 0.819375 0.13999999999999999 0.04124509803921572 0.03999509803921568
10 0.79625 0.573125 0.03495689655172418 0.03120689655172404
10 0.966875 0.5293749999999999 0.03372844827586219 0.021228448275862122
19 0.47875 0.32125 0.05488636363636362 0.027386363636363598
