15 0.524375 0.3762458881578947 0.04873355263157897 0.02999177631578942
03 0.24375000000000002 0.29874999999999996 0.04249161073825505 0.027491610738255068
03 0.64875 0.98 0.03745689655172413 0.022456896551724115
03 0.3175 0.595625 0.024994444444444486 0.026244444444444515
03 0.684375 0.09 0.028738095238095118 0.034988095238095235
03 0.24562499999999998 0.515625 0.03374297752808983 0.05124297752808982
03 0.370625 0.553125 0.041245098039215666 0.018745098039215646
11 0.419375 0.568125 0.028706896551724093 0.02120689655172414
04 0.35 0.22999999999999998 0.027478448275862044 0.027478448275862072
11 0.50375 0.900625 0.0298863636363636 0.023636363636363678
