03 0.944375 0.816875 0.026233552631578894 0.033733552631578956
16 0.235 0.385625 0.04749161073825503 0.033741610738255046
14 0.256875 0.29875 0.033706896551724125 0.032456896551724124
18 0.21875 0.281875 0.019994444444444426 0.0237444444444444
00 0.81625 0.084375 0.037488095238095154 0.036238095238095236
03 0.2875 0.8206249999999999 0.024992977528089877 0.03124297752808991
04 0.21437499999999998 0.6487499999999999 0.03374509803921569 0.022495098039215677
08 0.46625 0.03125 0.04245689655172413 0.02495689655172414
12 0.42375 0.604375 0.03497844827586205 0.05622844827586215
03 0.8775 0.7637499999999999 0.022386363636363815 0.02738636363636371
