03 0.04125 0.881875 0.029983552631578952 0.016233552631578885
14 0.703125 0.245625 0.048741610738255 0.033741610738255046
03 0.9 0.953125 0.039956896551724075 0.04120689655172405
08 0.9225 0.76125 0.04499444444444434 0.019994444444444426
15 0.8825000000000001 0.14 0.029988095238095203 0.02998809523809523
20 0.229375 0.468125 0.01624297752808984 0.01624297752808984
20 0.106875 0.26125 0.02124509803921569 0.022495098039215677
03 0.34875 0.655625 0.034956896551724126 0.04120689655172405
03 0.54375 0.511875 0.024978448275862042 0.03122844827586202
06 0.954375 0.8625 0.03113636363636374 0.012386363636363806
04 0.174375 0.6675 0.026235795454545463 0.017485795454545316
00 0.91625 0.59875 0.02496951219512189 0.019969512195121997
05 0.12875 0.4175 0.01748214285714285 0.03748214285714285
06 0.12187500000000001 0.8981250000000001 0.07623750000000003 0.08623750000000008
