02 0.95375 0.21187499999999998 0.05998355263157884 0.03873355263157899
02 0.226875 0.6025 0.031241610738255043 0.024991610738255066
08 0.476875 0.6174999999999999 0.023706896551724088 0.014956896551724053
13 0.725625 0.210625 0.06374444444444438 0.08874444444444443
19 0.6837500000000001 0.19375 0.03248809523809515 0.04248809523809527
08 0.7737499999999999 0.21375 0.04249297752808989 0.014992977528089868
03 0.849375 0.729375 0.06624509803921574 0.03624509803921572
19 0.586875 0.31562500000000004 0.028706896551724093 0.013706896551724135
03 0.035625 0.39937500000000004 0.016228448275862072 0.041228448275862084
06 0.9568749999999999 0.29562499999999997 0.0486363636363637 0.08363636363636362
09 0.18875 0.195 0.03998579545454545 0.029985795454545466
03 0.63375 0.209375 0.07246951219512199 0.09121951219512198
07 0.8356250000000001 0.853125 0.053732142857142784 0.04873214285714278
