15 0.6056250000000001 0.19375 0.03873355263157896 0.027483552631578978
15 0.233125 0.313125 0.13874161073825503 0.08124161073825503
19 0.823125 0.74375 0.046206896551724164 0.04745689655172414
20 0.021249999999999998 0.5 0.032494444444444444 0.02999444444444449
15 0.6443749999999999 0.674375 0.0562380952380952 0.048738095238095025
05 0.193125 0.751875 0.05374297752808985 0.028742977528089853
18 0.27625 0.6100000000000001 0.03999509803921569 0.042495098039215695
07 0.623125 0.40249999999999997 0.07870689655172414 0.024956896551724117
02 0.4375 0.699375 0.07497844827586209 0.06622844827586216
03 0.6543749999999999 0.6275 0.028636363636363682 0.04988636363636367
08 0.8243750000000001 0.844375 0.10373579545454537 0.031235795454545245
06 0.839375 0.426875 0.02121951219512197 0.14621951219512197
