09 0.179375 0.616875 0.043733552631578965 0.04623355263157891
14 0.24375 0.9199999999999999 0.02499161073825501 0.07249161073825483
04 0.115625 0.15875 0.04620689655172412 0.05245689655172414
20 0.123125 0.478125 0.041244444444444445 0.028744444444444517
03 0.21687499999999998 0.6293720238095238 0.05373809523809528 0.021244047619047635
01 0.374375 0.75125 0.03374297752808986 0.029992977528089826
18 0.059375 0.334375 0.031245098039215685 0.033745098039215715
03 0.396875 0.236875 0.04620689655172411 0.06870689655172413
05 0.29375 0.6012500000000001 0.049978448275862064 0.04247844827586211
03 0.65375 0.9075 0.04988636363636367 0.03488636363636377
