03 0.0625 0.714375 0.029983552631578952 0.0987335526315789
10 0.573125 0.184375 0.04374161073825511 0.02874161073825507
14 0.30625 0.786875 0.052456896551724086 0.05120689655172406
08 0.8062499999999999 0.871875 0.027494444444444377 0.061244444444444324
14 0.30375 0.19 0.037488095238095265 0.05498809523809528
03 0.13875 0.7593749999999999 0.0374929775280899 0.043742977528089866
18 0.35375 0.551875 0.027495098039215682 0.031245098039215602
14 0.58125 0.5325 0.02745689655172412 0.022456896551724115
13 0.08249999999999999 0.12125 0.03997844827586207 0.00997844827586207
14 0.816875 0.693125 0.02113636363636373 0.033636363636363686
09 0.349375 0.5181250000000001 0.038735795454545474 0.04373579545454548
20 0.64625 0.4 0.02496951219512189 0.017469512195121994
