03 0.5731250000000001 0.944375 0.04123355263157891 0.04623355263157891
09 0.08375 0.515625 0.03499161073825505 0.056241610738255066
03 0.600625 0.734375 0.1587068965517241 0.1487068965517242
12 0.891875 0.060625000000000005 0.07624444444444434 0.07124444444444446
00 0.544375 0.231875 0.058738095238095256 0.03623809523809529
01 0.316875 0.13437500000000002 0.04624297752808987 0.04124297752808989
08 0.8712500000000001 0.115 0.01999509803921573 0.024995098039215707
07 0.73375 0.698125 0.04745689655172414 0.018706896551724084
11 0.29000000000000004 0.5700000000000001 0.04747844827586206 0.032478448275862104
18 0.759375 0.65625 0.03113636363636374 0.03488636363636366
13 0.8043750000000001 0.79375 0.1437357954545454 0.05248579545454535
12 0.916875 0.075625 0.061219512195122006 0.09121951219512195
20 0.749375 0.3325 0.02873214285714276 0.02248214285714284
