20 0.48375 0.825625 0.01248355263157891 0.013733552631578827
01 0.493125 0.201875 0.021241610738255035 0.01624161073825503
06 0.359375 0.8225 0.011206896551724133 0.019956896551724057
05 0.9468749999999999 0.608125 0.016244444444444395 0.016244444444444506
03 0.8643779761904762 0.70625 0.006244047619047621 0.017488095238095136
03 0.454375 0.484375 0.013742977528089895 0.04124297752808981
02 0.91875 0.273125 0.012495098039215669 0.04124509803921572
03 0.85 0.199375 0.03495689655172418 0.01870689655172414
14 0.473125 0.53625 0.02372844827586207 0.019978448275862037
00 0.175 0.135625 0.02488636363636368 0.018636363636363618
18 0.479375 0.070625 0.01123579545454545 0.013735795454545438
14 0.07 0.151875 0.02246951219512195 0.023719512195121972
