07 0.8925000000000001 0.7 0.022483552631578863 0.047483552631578885
10 0.426875 0.03875 0.031241610738255043 0.02999161073825503
19 0.80125 0.72125 0.029956896551724066 0.05245689655172414
06 0.41812638888888887 0.22062500000000002 0.05374722222222228 0.13874444444444448
03 0.933125 0.54125 0.06123809523809509 0.04998809523809533
03 0.8887499999999999 0.6131249999999999 0.03749297752808978 0.053742977528089875
02 0.889375 0.7962499999999999 0.05374509803921568 0.032495098039215686
13 0.5543750000000001 0.29875 0.04870689655172422 0.10495689655172413
07 0.6093803879310344 0.40875 0.023739224137930948 0.05497844827586207
14 0.903125 0.195625 0.0486363636363637 0.031136363636363656
03 0.465625 0.569375 0.05623579545454549 0.051235795454545485
