11 0.745 0.416875 0.037483552631578876 0.04373355263157891
20 0.27125 0.08687500000000001 0.012491610738255055 0.01124161073825504
03 0.1275 0.86625 0.03995689655172413 0.03745689655172413
14 0.369375 0.711875 0.026244444444444515 0.01874444444444434
11 0.15500000000000003 0.265625 0.03248809523809523 0.041238095238095296
03 0.538125 0.71875 0.023742977528089848 0.07749297752808992
03 0.113125 0.1275 0.02124509803921569 0.042495098039215695
01 0.466875 0.743125 0.026206896551724146 0.028706896551724093
08 0.360625 0.50125 0.031228448275862075 0.03747844827586205
08 0.5587500000000001 0.12125 0.019886363636363646 0.04988636363636362
08 0.07625 0.379375 0.02998579545454546 0.02123579545454546
02 0.254375 0.865625 0.038719512195121986 0.06371951219512195
10 0.82125 0.90625 0.029982142857142846 0.01748214285714278
06 0.273125 0.0875 0.10873750000000004 0.0949875
