03 0.55 0.8343750000000001 0.057483552631578894 0.031233552631578898
08 0.495625 0.704375 0.02124161073825509 0.031241610738254932
05 0.71 0.244375 0.03745689655172413 0.03120689655172415
03 0.47125 0.824375 0.022494444444444484 0.0212444444444444
06 0.71375 0.43125 0.02248809523809503 0.01998809523809525
18 0.904375 0.138125 0.018742977528089844 0.0212429775280899
20 0.02875 0.7931250000000001 0.024995098039215687 0.02374509803921565
02 0.905 0.7581249999999999 0.029956896551724177 0.04120689655172416
18 0.8118749999999999 0.731875 0.01622844827586223 0.018728448275862175
07 0.15875 0.5900000000000001 0.02238636363636365 0.08738636363636354
03 0.18312499999999998 0.61 0.04623579545454545 0.019985795454545485
13 0.665 0.925 0.057469512195121975 0.022469512195122054
19 0.035625 0.18875 0.021232142857142852 0.03748214285714285
03 0.05312499999999999 0.8206249999999999 0.0362375 0.036237500000000034
