08 0.425 0.635 0.037483552631578876 0.022483552631578974
07 0.56 0.375 0.009991610738255052 0.0649916107382551
18 0.42874999999999996 0.025625000000000002 0.019956896551724113 0.023706896551724137
10 0.29625 0.085 0.022494444444444428 0.019994444444444454
08 0.721875 0.416875 0.04373809523809513 0.016238095238095274
06 0.231875 0.18375 0.011242977528089837 0.03749297752808983
06 0.889375 0.08875 0.0787450980392157 0.0599950980392157
16 0.329375 0.061875 0.04370689655172416 0.033706896551724146
14 0.753125 0.7424999999999999 0.036228448275862246 0.02747844827586221
06 0.5125 0.09625 0.029886363636363655 0.027386363636363625
01 0.724375 0.38125 0.031235795454545245 0.024985795454545434
