03 0.7325 0.79375 0.02498355263157892 0.039983552631578934
11 0.635 0.49812500000000004 0.034991610738254963 0.026241610738255094
06 0.6999892241379311 0.320625 0.01747844827586198 0.0962068965517241
08 0.75375 0.89375 0.02499444444444432 0.02499444444444443
15 0.5381279761904763 0.271875 0.02624404761904764 0.016238095238095274
03 0.458125 0.736875 0.018742977528089844 0.018742977528089955
15 0.33375 0.59625 0.017495098039215673 0.06999509803921578
11 0.8300000000000001 0.85625 0.03495689655172407 0.032456896551724124
12 0.63875 0.408125 0.039978448275862055 0.043728448275862086
09 0.6581250000000001 0.9450000000000001 0.036136363636363744 0.029886363636363655
02 0.733125 0.78375 0.0337357954545453 0.04748579545454523
08 0.30125 0.615 0.04246951219512196 0.014969512195121992
07 0.55375 0.749375 0.014982142857142833 0.04623214285714283
