07 0.9475 0.8300000000000001 0.012483552631578965 0.03248355263157887
08 0.485 0.86375 0.024991610738255066 0.052491610738254924
20 0.52 0.9325 0.01745689655172411 0.014956896551724164
18 0.923125 0.875 0.016244444444444395 0.017494444444444257
20 0.108125 0.950625 0.02873809523809523 0.02623809523809506
08 0.915 0.7775000000000001 0.02749297752808988 0.02499297752808982
20 0.524375 0.8975 0.02624509803921571 0.024995098039215624
14 0.815625 0.535 0.011206896551724133 0.024956896551724173
00 0.5375 0.09875 0.029978448275862046 0.024978448275862056
14 0.36875 0.34 0.027386363636363598 0.022386363636363593
02 0.5868785511363637 0.8343750000000001 0.01624289772727272 0.031235795454545356
