20 0.6643749999999999 0.665625 0.023733552631578836 0.026233552631578894
06 0.6356270973154363 0.34562499999999996 0.06124580536912749 0.06624161073825502
08 0.9375 0.263125 0.029956896551724066 0.03120689655172415
03 0.50875 0.71 0.03749444444444455 0.037494444444444386
04 0.776875 0.0575 0.02623809523809517 0.02498809523809524
20 0.129375 0.18062499999999998 0.018742977528089885 0.013742977528089867
11 0.65375 0.528125 0.024995098039215624 0.021245098039215704
12 0.11 0.31437499999999996 0.02995689655172412 0.03870689655172416
12 0.6737500000000001 0.42562500000000003 0.039978448275862166 0.06372844827586205
13 0.73875 0.736875 0.049886363636363784 0.09363636363636374
