15 0.354375 0.606875 0.023733552631578947 0.02873355263157895
04 0.72625 0.86375 0.022491610738254897 0.017491610738254892
13 0.275 0.6499999999999999 0.06495689655172412 0.08495689655172411
04 0.5525 0.59625 0.019994444444444426 0.014994444444444421
00 0.6268750000000001 0.229375 0.016238095238095274 0.013738095238095271
03 0.549375 0.558125 0.018742977528089955 0.0312429775280898
11 0.446875 0.364375 0.026245098039215653 0.018745098039215646
05 0.840625 0.81625 0.018706896551724195 0.01745689655172411
20 0.145625 0.14750000000000002 0.021228448275862066 0.019978448275862065
14 0.052500000000000005 0.094375 0.027386363636363632 0.03113636363636363
02 0.34562499999999996 0.9056249999999999 0.03373579545454547 0.021235795454545348
01 0.40875 0.92625 0.022469512195121943 0.022469512195121943
13 0.954375 0.520625 0.016232142857142806 0.07623214285714286
