08 0.4525 0.32125 0.04248355263157888 0.12748355263157896
03 0.67625 0.77875 0.03499161073825485 0.06999161073825488
03 0.76 0.065 0.03745689655172413 0.06495689655172412
13 0.115 0.09187500000000001 0.17249444444444445 0.056244444444444444
03 0.01875 0.31125 0.027488095238095235 0.06748809523809524
03 0.355 0.674375 0.13249297752808986 0.05124297752808993
06 0.37312377450980394 0.6312500000000001 0.07374754901960784 0.14499509803921573
00 0.87625 0.365 0.06245689655172415 0.04245689655172413
03 0.3868803879310345 0.596875 0.06873922413793104 0.02372844827586207
08 0.5543750000000001 0.33875 0.07613636363636356 0.08238636363636365
14 0.383125 0.2225 0.0662357954545455 0.08498579545454549
