03 0.458125 0.38687499999999997 0.028733552631578896 0.02623355263157895
15 0.33625 0.6025 0.02999161073825507 0.024991610738255066
15 0.369375 0.170625 0.02120689655172414 0.026206896551724146
18 0.70375 0.86625 0.022494444444444373 0.02499444444444432
13 0.764375 0.579375 0.058738095238095145 0.05373809523809525
01 0.041874999999999996 0.3225 0.03124297752808989 0.032492977528089884
02 0.67125 0.7262500000000001 0.034995098039215744 0.01999509803921573
19 0.933125 0.0975 0.026206896551724146 0.02995689655172412
05 0.794375 0.0775 0.0337284482758623 0.022478448275862067
08 0.32499999999999996 0.846875 0.04738636363636367 0.04613636363636375
15 0.133125 0.7949999999999999 0.03873579545454546 0.019985795454545374
03 0.6912499999999999 0.12687500000000002 0.01746951219512194 0.03121951219512195
11 0.325625 0.026250000000000002 0.026232142857142815 0.03498214285714286
18 0.794375 0.38187499999999996 0.02123749999999991 0.023737500000000022
