06 0.44 0.5875 0.07748355263157891 0.05998355263157884
19 0.161875 0.84 0.03874161073825505 0.022491610738254897
15 0.767489224137931 0.095 0.057478448275862015 0.017456896551724138
06 0.856875 0.14875 0.023744444444444457 0.022494444444444456
20 0.6187499999999999 0.31625000000000003 0.017488095238095247 0.014988095238095245
20 0.441875 0.666875 0.028742977528089853 0.026242977528089906
03 0.15000000000000002 0.093125 0.0174950980392157 0.031245098039215685
12 0.82125 0.67125 0.04245689655172413 0.039956896551724075
20 0.9012500000000001 0.27249999999999996 0.02747844827586221 0.024978448275862097
15 0.5425 0.54 0.0323863636363636 0.039886363636363664
03 0.505625 0.6825 0.038735795454545474 0.019985795454545263
18 0.48375 0.53 0.024969512195122 0.027469512195121948
11 0.743125 0.11 0.036232142857142824 0.02748214285714287
