02 0.834375 0.175 0.02873355263157884 0.027483552631578978
09 0.780625 0.050625 0.03374161073825488 0.03874161073825503
14 0.774375 0.10875 0.02120689655172414 0.032456896551724124
03 0.598125 0.27625 0.011244444444444501 0.03249444444444438
08 0.54 0.85375 0.02248809523809525 0.03248809523809504
18 0.616875 0.25 0.018742977528089844 0.022492977528089875
06 0.2193762254901961 0.06625 0.03624754901960783 0.062495098039215685
10 0.74875 0.360625 0.024956896551724173 0.023706896551724144
06 0.095 0.6275 0.10497844827586206 0.032478448275862104
11 0.71 0.813125 0.024886363636363762 0.018636363636363784
10 0.148125 0.54375 0.02373579545454546 0.022485795454545543
04 0.5800000000000001 0.405625 0.027469512195121948 0.018719512195121968
