12 0.84125 0.171875 0.039983552631578934 0.03623355263157896
20 0.304375 0.35124999999999995 0.01624161073825503 0.01749161073825506
20 0.6368750000000001 0.10500000000000001 0.023706896551724088 0.02245689655172413
06 0.145625 0.436875 0.013744444444444448 0.02124444444444451
05 0.6275 0.1825 0.02498809523809531 0.024988095238095254
03 0.49375 0.735625 0.02249297752808982 0.0212429775280899
18 0.7268749999999999 0.760625 0.013745098039215642 0.0162450980392157
19 0.37687499999999996 0.6018749999999999 0.013706896551724135 0.02120689655172414
19 0.098125 0.05499999999999999 0.01372844827586206 0.03247844827586207
20 0.711875 0.575625 0.016136363636363726 0.016136363636363504
03 0.90875 0.1775 0.044985795454545285 0.019985795454545457
03 0.855 0.6525 0.039969512195122014 0.022469512195121943
