06 0.836875 0.7418750000000001 0.013733552631578938 0.05373355263157886
06 0.890625 0.9512499999999999 0.02374161073825487 0.017491610738254892
15 0.056249999999999994 0.8206249999999999 0.024956896551724138 0.01370689655172408
05 0.031875 0.22062500000000002 0.023744444444444443 0.01374444444444442
03 0.289375 0.328125 0.07373809523809527 0.051238095238095305
03 0.495625 0.034375 0.018742977528089844 0.02124297752808989
08 0.67125 0.5237499999999999 0.007495098039215664 0.08499509803921568
02 0.375625 0.858125 0.026206896551724146 0.03120689655172415
03 0.06937499999999999 0.631875 0.013728448275862074 0.016228448275862006
00 0.89625 0.241875 0.02738636363636382 0.028636363636363682
18 0.785625 0.47125 0.016235795454545343 0.017485795454545427
07 0.80625 0.29375 0.012469512195121935 0.07746951219512199
20 0.8575 0.340625 0.014982142857142833 0.01373214285714286
15 0.105 0.110625 0.017487500000000017 0.016237500000000016
