09 0.44875 0.46562499999999996 0.014983552631578911 0.02373355263157889
03 0.1825 0.968125 0.022491610738255063 0.013741610738254861
03 0.4525 0.78 0.014956896551724108 0.01745689655172411
20 0.203125 0.10062499999999999 0.013744444444444448 0.013744444444444462
05 0.77625 0.1875 0.024988095238095198 0.017488095238095247
03 0.4675 0.126875 0.014992977528089868 0.021242977528089887
14 0.6312500000000001 0.276875 0.009995098039215722 0.021245098039215704
13 0.84125 0.80125 0.022456896551724115 0.032456896551724124
03 0.130625 0.12125 0.016228448275862048 0.01997844827586208
18 0.6268750000000001 0.150625 0.011136363636363611 0.013636363636363641
