14 0.59 0.7725 0.047483552631578885 0.022483552631578863
04 0.21187499999999998 0.931875 0.021241610738255062 0.02374161073825487
01 0.823125 0.61625 0.01370689655172419 0.012456896551724106
06 0.3068763888888889 0.736875 0.10374722222222221 0.006244444444444386
03 0.271875 0.7275 0.018738095238095276 0.024988095238095087
03 0.19437500000000002 0.205625 0.04374297752808984 0.02624297752808985
01 0.348125 0.44937499999999997 0.018745098039215702 0.018745098039215702
06 0.50875 0.879375 0.0649568965517241 0.0237068965517242
06 0.37187499999999996 0.364375 0.03622844827586208 0.06622844827586205
06 0.43062500000000004 0.9299999999999999 0.09113636363636363 0.022386363636363815
13 0.406875 0.9056249999999999 0.026235795454545463 0.011235795454545339
11 0.7575000000000001 0.894375 0.03496951219512201 0.03121951219512198
