03 0.580625 0.2 0.02123355263157889 0.044983552631578966
03 0.836875 0.6143749999999999 0.04124161073825494 0.06624161073825496
04 0.330625 0.75125 0.036206896551724155 0.02745689655172412
08 0.07 0.708125 0.014994444444444435 0.058744444444444266
03 0.7125 0.67625 0.02998809523809509 0.07248809523809507
17 0.8981250000000001 0.221875 0.043742977528089866 0.04374297752808984
06 0.77125 0.26875 0.02999509803921563 0.009995098039215722
11 0.9137500000000001 0.09875 0.032456896551724124 0.027456896551724133
03 0.391875 0.057499999999999996 0.018728448275862064 0.049978448275862064
09 0.46625 0.28875 0.037386363636363606 0.03488636363636366
