12 0.5543750000000001 0.056874999999999995 0.04873355263157897 0.05623355263157894
03 0.6793750000000001 0.44937499999999997 0.018741610738254866 0.061241610738255015
05 0.0975 0.39 0.017456896551724124 0.04245689655172413
07 0.810625 0.723125 0.043744444444444364 0.01874444444444434
19 0.30937499999999996 0.24062499999999998 0.03373809523809529 0.03123809523809526
03 0.12875 0.15187499999999998 0.0499929775280899 0.02874297752808988
04 0.8556250000000001 0.9056249999999999 0.03374509803921566 0.031245098039215713
03 0.466875 0.16749999999999998 0.02120689655172414 0.052456896551724114
06 0.630625 0.42625 0.021228448275862122 0.10747844827586206
03 0.38625 0.395625 0.04238636363636361 0.0586363636363636
11 0.15875 0.475 0.03998579545454545 0.03498579545454544
20 0.969375 0.288125 0.028719512195122032 0.02121951219512197
