03 0.1 0.315625 0.047483552631578954 0.031233552631578898
15 0.650625 0.6337499999999999 0.03374161073825499 0.04999161073825498
13 0.3625 0.7406250000000001 0.07245689655172416 0.08370689655172414
08 0.9137500000000001 0.95375 0.03249444444444427 0.022494444444444373
14 0.7125 0.508125 0.027488095238095145 0.0437380952380953
03 0.2675 0.38625 0.04499297752808987 0.04249297752808984
15 0.66 0.29500000000000004 0.024995098039215735 0.0449950980392157
06 0.74125 0.355 0.014956896551724164 0.02745689655172412
03 0.7424999999999999 0.205625 0.05747844827586224 0.031228448275862075
03 0.33124999999999993 0.8631249999999999 0.02238636363636365 0.028636363636363682
