14 0.80625 0.445625 0.0674835526315789 0.04123355263157891
08 0.735625 0.59 0.08124161073825487 0.05499161073825509
10 0.231875 0.21375 0.033706896551724125 0.034956896551724126
08 0.685 0.484375 0.04249444444444428 0.0762444444444445
18 0.06937499999999999 0.749375 0.04373809523809523 0.04623809523809519
01 0.163125 0.14875 0.05874297752808988 0.03749297752808989
03 0.525 0.40125 0.05249509803921565 0.15249509803921568
14 0.84375 0.16625 0.049956896551724084 0.044956896551724135
06 0.790625 0.189375 0.13622844827586222 0.12622844827586205
05 0.49624999999999997 0.84375 0.06988636363636358 0.057386363636363846
05 0.48875 0.265 0.06248579545454547 0.03748579545454547
07 0.9281250000000001 0.903125 0.06871951219512196 0.04621951219512199
