07 0.6637541118421053 0.45562499999999995 0.07749177631578952 0.0337335526315789
03 0.230625 0.57875 0.13874161073825503 0.08999161073825501
00 0.053750000000000006 0.03125 0.04495689655172414 0.027456896551724144
03 0.44375 0.52875 0.07249444444444447 0.06249444444444452
08 0.401875 0.799375 0.1012380952380953 0.058738095238095034
08 0.235 0.916875 0.052492977528089874 0.05624297752808993
03 0.4125 0.70875 0.1099950980392157 0.07749509803921573
18 0.64625 0.143125 0.03745689655172413 0.038706896551724115
08 0.56625 0.27125 0.019978448275862037 0.09497844827586208
05 0.890625 0.78125 0.028636363636363793 0.057386363636363846
