03 0.875 0.021875 0.019983552631578805 0.018733552631578946
10 0.575625 0.0425 0.02624161073825515 0.02749161073825503
08 0.194375 0.9075 0.01870689655172414 0.014956896551724164
03 0.605 0.094375 0.014994444444444532 0.02874444444444446
01 0.111875 0.301875 0.01373809523809523 0.016238095238095274
14 0.7337499999999999 0.53 0.022492977528089875 0.02499297752808982
10 0.055 0.428125 0.01999509803921569 0.0162450980392157
03 0.8743749999999999 0.7475 0.02120689655172414 0.029956896551724177
03 0.475625 0.1075 0.028728448275862073 0.027478448275862072
12 0.403125 0.248125 0.02863636363636357 0.031136363636363684
13 0.13125 0.95625 0.07498579545454548 0.0649857954545453
00 0.9081250000000001 0.495 0.023719512195122028 0.024969512195121946
06 0.67875 0.060625 0.05248214285714281 0.02123214285714286
