13 0.6737500000000001 0.378125 0.08498355263157886 0.14373355263157894
20 0.16625 0.8843749999999999 0.019991610738255033 0.018741610738254866
06 0.7725 0.04875 0.01745689655172411 0.027456896551724147
08 0.853125 0.704375 0.033744444444444355 0.026244444444444404
03 0.9668720238095239 0.105 0.038744047619047595 0.027488095238095228
03 0.3225 0.32999999999999996 0.032492977528089884 0.05749297752808985
08 0.37312500000000004 0.18875 0.018745098039215702 0.017495098039215673
20 0.4625 0.042499999999999996 0.014956896551724108 0.014956896551724143
15 0.47375 0.249375 0.032478448275862104 0.051228448275862065
03 0.016875 0.77625 0.021136363636363634 0.02488636363636365
00 0.943125 0.74 0.03623579545454536 0.03248579545454533
03 0.255625 0.09375 0.03621951219512198 0.027469512195121948
