03 0.86625 0.56875 0.03498355263157893 0.07748355263157891
06 0.60875 0.03125 0.03249161073825513 0.019991610738255033
00 0.38687499999999997 0.65375 0.03370689655172415 0.02745689655172423
06 0.8956263888888889 0.6643749999999999 0.06124722222222223 0.0787444444444444
11 0.5025 0.540625 0.042488095238095214 0.033738095238095234
03 0.0825 0.8518749999999999 0.057492977528089885 0.07124297752808995
03 0.761875 0.1825 0.046245098039215726 0.06499509803921569
04 0.33875 0.24875 0.04245689655172413 0.02995689655172412
03 0.753125 0.7168749999999999 0.06122844827586216 0.05122844827586215
03 0.92625 0.37687499999999996 0.019886363636363757 0.031136363636363573
03 0.340625 0.9474964488636364 0.041235795454545476 0.022492897727272587
05 0.44062500000000004 0.026249999999999996 0.053719512195122 0.029969512195121947
09 0.07500000000000001 0.88625 0.022482142857142853 0.0424821428571428
