03 0.4125 0.499375 0.022483552631578918 0.018733552631578887
20 0.63375 0.2025 0.0274916107382549 0.02749161073825504
03 0.6725 0.64375 0.019956896551724057 0.022456896551724115
03 0.7675000000000001 0.39375 0.017494444444444368 0.05249444444444451
03 0.6543749999999999 0.65375 0.023738095238095114 0.017488095238095025
04 0.919375 0.9137500000000001 0.023742977528089848 0.01749297752808976
09 0.49624999999999997 0.09375 0.027495098039215682 0.0174950980392157
08 0.743125 0.813114224137931 0.036206896551724155 0.018728448275862064
02 0.548125 0.178125 0.03122844827586202 0.03372844827586208
03 0.21125 0.5449999999999999 0.042386363636363666 0.0323863636363636
03 0.450625 0.380625 0.031235795454545467 0.04373579545454548
06 0.545 0.7737499999999999 0.019969512195121997 0.00746951219512193
08 0.576875 0.26125 0.018732142857142864 0.027482142857142844
14 0.81875 0.5275000000000001 0.039987500000000065 0.02498750000000005
