18 0.330625 0.6656249999999999 0.016233552631578885 0.018733552631578942
08 0.520625 0.20124999999999998 0.018741610738254977 0.022491610738255036
03 0.10750000000000001 0.5700000000000001 0.02495689655172413 0.039956896551724186
07 0.438125 0.85 0.043744444444444475 0.012494444444444364
10 0.20375 0.46375 0.02248809523809528 0.017488095238095247
14 0.09125 0.568125 0.012492977528089894 0.02124297752808979
02 0.6012500000000001 0.575 0.024995098039215624 0.02999509803921574
18 0.899375 0.175625 0.011206896551724133 0.013706896551724135
20 0.7987500000000001 0.305625 0.01997844827586215 0.01372844827586206
04 0.671875 0.358125 0.02113636363636373 0.023636363636363622
06 0.39062855113636363 0.130625 0.0587428977272727 0.06873579545454547
