13 0.11562499999999999 0.951875 0.03623355263157893 0.061233552631578925
04 0.49312500000000004 0.6799999999999999 0.026241610738255094 0.01999161073825484
02 0.18562499999999998 0.028125000000000004 0.01870689655172411 0.02870689655172414
03 0.469375 0.21000000000000002 0.018744444444444508 0.049994444444444425
08 0.19624999999999998 0.5762499999999999 0.027488095238095284 0.04498809523809533
02 0.8975 0.254375 0.022492977528089875 0.023742977528089876
15 0.2575 0.96125 0.027495098039215682 0.027495098039215682
11 0.14375 0.860625 0.032456896551724124 0.03120689655172415
12 0.66125 0.0475 0.02997844827586227 0.052478448275862066
14 0.8362499999999999 0.54625 0.022386363636363815 0.01738636363636359
04 0.7325 0.625 0.027485795454545325 0.01748579545454554
15 0.07 0.538125 0.01496951219512195 0.02121951219512197
01 0.2975 0.291875 0.014982142857142833 0.01373214285714286
