12 0.640625 0.25 0.09123355263157884 0.08748355263157895
15 0.8275 0.571875 0.04499161073825486 0.048741610738255
07 0.264375 0.679375 0.2237068965517241 0.24620689655172412
06 0.191875 0.460625 0.051244444444444426 0.24874444444444455
02 0.683125 0.24625 0.06873809523809515 0.08248809523809525
10 0.160625 0.468125 0.06374297752808988 0.06624297752808977
12 0.474375 0.90125 0.09124509803921566 0.08999509803921568
07 0.140625 0.92125 0.08120689655172414 0.0549568965517242
13 0.7462500000000001 0.36624999999999996 0.08997844827586221 0.07747844827586209
01 0.328125 0.21687499999999998 0.06863636363636366 0.053636363636363676
18 0.29625 0.316875 0.049985795454545456 0.05373579545454549
08 0.489375 0.489375 0.03121951219512198 0.06371951219512195
11 0.27375 0.5375 0.07498214285714286 0.06998214285714277
06 0.48 0.886875 0.014987499999999987 0.061237500000000056
