02 0.52875 0.8843749999999999 0.019983552631578916 0.031233552631578898
18 0.31437499999999996 0.7806249999999999 0.013741610738255028 0.01624161073825492
20 0.58125 0.55625 0.019956896551724168 0.014956896551724164
15 0.22625 0.5874999999999999 0.009994444444444417 0.019994444444444537
15 0.270625 0.62 0.01123809523809527 0.027488095238095367
03 0.9337500000000001 0.4875 0.022492977528089875 0.02499297752808982
13 0.7068749999999999 0.783125 0.05374509803921568 0.12124509803921568
10 0.233125 0.44999999999999996 0.01870689655172414 0.019956896551724113
09 0.8968750000000001 0.2575 0.01622844827586223 0.0274784482758621
06 0.113125 0.624375 0.051136363636363646 0.043636363636363695
05 0.7931250000000001 0.266875 0.031235795454545356 0.02373579545454546
10 0.6956249999999999 0.874375 0.018719512195121912 0.013719512195121908
08 0.5743750000000001 0.265 0.02123214285714281 0.029982142857142846
