20 0.82375 0.88125 0.02498355263157892 0.014983552631578911
09 0.4 0.098125 0.05749161073825504 0.05124161073825503
08 0.076875 0.641875 0.028706896551724134 0.03120689655172415
09 0.7424999999999999 0.185 0.057494444444444404 0.039994444444444444
14 0.04875 0.755 0.027488095238095235 0.02248809523809503
10 0.225625 0.34750000000000003 0.03374297752808986 0.034992977528089886
06 0.08249999999999999 0.081875 0.08249509803921569 0.11374509803921568
14 0.62375 0.294375 0.03495689655172418 0.07370689655172413
05 0.104375 0.21187499999999998 0.05372844827586208 0.03622844827586205
05 0.96 0.4125 0.03738636363636372 0.052386363636363564
00 0.16749999999999998 0.3175 0.03248579545454547 0.02498579545454549
03 0.7175 0.90625 0.04996951219512202 0.06496951219512193
13 0.13437500000000002 0.61625 0.13873214285714286 0.05998214285714287
03 0.515 0.47062499999999996 0.02498749999999994 0.04123749999999998
