05 0.385625 0.5718749999999999 0.016233552631578885 0.031233552631578898
18 0.29625 0.328125 0.014991610738255057 0.01624161073825503
06 0.8143750000000001 0.12687500000000002 0.05120689655172417 0.043706896551724134
14 0.34187500000000004 0.38749999999999996 0.013744444444444504 0.02999444444444449
19 0.96375 0.813125 0.01498809523809519 0.031238095238095065
04 0.5425 0.22625 0.022492977528089875 0.019992977528089845
07 0.299375 0.888125 0.03374509803921566 0.028745098039215766
05 0.26 0.228125 0.022456896551724143 0.011206896551724133
03 0.22249999999999998 0.6975 0.02497844827586207 0.04747844827586212
14 0.895625 0.92625 0.011136363636363722 0.029886363636363766
14 0.9475 0.5231250000000001 0.029985795454545272 0.02873579545454541
03 0.826875 0.053750000000000006 0.06371951219512195 0.014969512195121944
