08 0.954375 0.027500000000000004 0.01123355263157888 0.029983552631578952
06 0.20625 0.534375 0.04249161073825505 0.07124161073825508
20 0.656875 0.615 0.028706896551724093 0.022456896551724115
20 0.611875 0.919375 0.023744444444444457 0.016244444444444395
06 0.09125 0.2775 0.09248809523809524 0.047488095238095274
00 0.385625 0.7225 0.023742977528089848 0.01749297752808987
03 0.2874987745098039 0.08374999999999999 0.027497549019607825 0.027495098039215696
04 0.881875 0.5 0.028706896551724093 0.01745689655172411
03 0.268125 0.246875 0.011228448275862113 0.026228448275862043
12 0.6212500000000001 0.796875 0.029886363636363655 0.033636363636363686
20 0.374375 0.7275 0.02123579545454546 0.02248579545454532
02 0.02375 0.1125 0.027469512195121948 0.014969512195121937
18 0.6756249999999999 0.20875 0.018732142857142864 0.02248214285714284
