19 0.964375 0.500625 0.043733552631578965 0.05373355263157892
19 0.5725 0.24812499999999998 0.04249161073825514 0.041241610738255025
03 0.82125 0.40125 0.0649568965517241 0.05995689655172409
03 0.9468749999999999 0.774375 0.03874444444444436 0.0787444444444444
04 0.880625 0.17250000000000001 0.04373809523809513 0.037488095238095265
07 0.08375 0.8843749999999999 0.06249297752808989 0.023742977528089848
18 0.855 0.264375 0.034995098039215744 0.03874509803921569
03 0.9256249999999999 0.781875 0.07120689655172419 0.026206896551724146
06 0.3193803879310345 0.513125 0.10623922413793102 0.09372844827586208
14 0.32562499999999994 0.145625 0.028636363636363626 0.03363636363636366
03 0.380625 0.948125 0.07873579545454545 0.05623579545454538
01 0.7293750000000001 0.579375 0.03621951219512198 0.033719512195121926
12 0.191875 0.265625 0.05123214285714284 0.04623214285714283
01 0.96375 0.39125 0.05498749999999997 0.05498750000000002
