03 0.421875 0.7581249999999999 0.051233552631578916 0.08123355263157894
11 0.3743770973154362 0.023125 0.046245805369127535 0.03374161073825503
07 0.13375 0.53125 0.03995689655172413 0.039956896551724075
00 0.528125 0.401875 0.05124444444444454 0.04124444444444447
06 0.88625 0.6499999999999999 0.1499880952380952 0.054988095238095114
13 0.6681250000000001 0.4075 0.10874297752808981 0.05749297752808985
02 0.370625 0.303125 0.11374509803921568 0.033745098039215715
02 0.64625 0.185 0.022456896551724115 0.08745689655172412
14 0.800625 0.22749999999999998 0.06622844827586216 0.027478448275862072
02 0.063125 0.72125 0.05863636363636363 0.04988636363636367
