07 0.35250000000000004 0.7181249999999999 0.03248355263157893 0.04123355263157891
02 0.8062499999999999 0.606875 0.04749161073825492 0.03624161073825505
07 0.649375 0.016864224137931032 0.028706896551724093 0.018728448275862068
03 0.60875 0.33875 0.0374944444444445 0.03249444444444449
03 0.199375 0.364375 0.018738095238095276 0.016238095238095274
08 0.25625 0.058124999999999996 0.014992977528089868 0.018742977528089892
18 0.5956250000000001 0.4625 0.018745098039215757 0.019995098039215675
18 0.405 0.9525 0.014956896551724108 0.01745689655172411
13 0.27812499999999996 0.022500000000000003 0.041228448275862084 0.03497844827586207
03 0.860625 0.09875 0.026136363636363735 0.037386363636363634
12 0.341875 0.57125 0.026235795454545463 0.027485795454545436
01 0.4325 0.206875 0.019969512195121997 0.016219512195121966
