07 0.2 0.23875000000000002 0.042483552631578964 0.03248355263157898
14 0.6187499999999999 0.8500000000000001 0.022491610738255008 0.03749161073825491
03 0.47062499999999996 0.5031249999999999 0.013706896551724135 0.0362068965517241
15 0.115625 0.676875 0.01124444444444446 0.016244444444444284
14 0.468125 0.41875 0.013738095238095271 0.017488095238095247
04 0.424375 0.578125 0.023742977528089848 0.026242977528089906
01 0.5700000000000001 0.54375 0.01999509803921573 0.01999509803921573
08 0.819989224137931 0.38187499999999996 0.02747844827586199 0.03370689655172415
10 0.940625 0.6656249999999999 0.01622844827586223 0.01622844827586223
08 0.454375 0.17250000000000001 0.013636363636363613 0.027386363636363653
