07 0.76125 0.486875 0.03248355263157887 0.02123355263157889
03 0.53 0.6331249999999999 0.01999161073825506 0.01624161073825514
15 0.348125 0.740625 0.013706896551724135 0.01370689655172419
03 0.18375 0.618125 0.007494444444444415 0.023744444444444457
05 0.624375 0.09125 0.01873809523809533 0.017488095238095233
01 0.30625 0.57875 0.024992977528089877 0.019992977528089817
15 0.204375 0.0225 0.018745098039215702 0.017495098039215687
01 0.77125 0.32125000000000004 0.024956896551724173 0.017456896551724166
15 0.2575 0.25875000000000004 0.01747844827586209 0.052478448275862066
01 0.6856249999999999 0.903125 0.016136363636363726 0.018636363636363673
10 0.23875000000000002 0.3775 0.019985795454545457 0.017485795454545427
