20 0.388125 0.348125 0.02123355263157889 0.02373355263157889
11 0.86375 0.7575 0.02999161073825496 0.022491610738254897
13 0.48812500000000003 0.640625 0.08370689655172409 0.036206896551724155
14 0.84125 0.36625 0.027494444444444377 0.047494444444444506
03 0.6468779761904762 0.329375 0.05374404761904761 0.036238095238095236
10 0.925625 0.709375 0.03874297752808986 0.04124297752808981
14 0.925 0.9143749999999999 0.0474950980392157 0.018745098039215757
12 0.36375 0.11687499999999999 0.022456896551724115 0.023706896551724116
20 0.32437499999999997 0.12375 0.02622844827586207 0.027478448275862058
01 0.46187500000000004 0.874375 0.02613636363636357 0.023636363636363678
09 0.141875 0.45125000000000004 0.026235795454545463 0.022485795454545487
