06 0.81375 0.24625000000000002 0.019983552631578916 0.017483552631578997
03 0.916875 0.9125000000000001 0.048741610738255 0.0274916107382549
10 0.43625 0.5125 0.027456896551724175 0.027456896551724064
03 0.253125 0.463125 0.04874444444444445 0.018744444444444508
20 0.940625 0.13187500000000002 0.028738095238095118 0.018738095238095248
07 0.723125 0.916875 0.06374297752808988 0.02124297752808979
03 0.7975 0.566875 0.034995098039215744 0.018745098039215646
03 0.204375 0.27375 0.006206896551724128 0.02745689655172412
03 0.6056250000000001 0.66625 0.026228448275862015 0.024978448275862153
06 0.8043750000000001 0.063125 0.028636363636363682 0.01863636363636364
