18 0.10625 0.56375 0.014983552631578939 0.019983552631578916
03 0.950625 0.559375 0.03124161073825482 0.028741610738255097
11 0.09937499999999999 0.70875 0.028706896551724134 0.024956896551724173
03 0.26 0.925 0.007494444444444415 0.02499444444444443
03 0.3925 0.38125 0.02248809523809525 0.012488095238095298
18 0.27249999999999996 0.62125 0.017492977528089815 0.019992977528089817
20 0.7225 0.678125 0.014995098039215726 0.013745098039215753
04 0.785625 0.56 0.0237068965517242 0.02495689655172406
10 0.5562499999999999 0.739375 0.024978448275862042 0.021228448275862233
06 0.583125 0.5387500000000001 0.0111363636363635 0.02488636363636354
15 0.8587499999999999 0.515625 0.012485795454545312 0.016235795454545565
06 0.065 0.94625 0.014969512195121944 0.092469512195122
