06 0.09812911184210527 0.7299958881578947 0.09624177631578948 0.02249177631578947
03 0.37124999999999997 0.55375 0.01749161073825506 0.06249161073825504
18 0.115625 0.55375 0.018706896551724125 0.019956896551724168
00 0.02375 0.1925 0.03749444444444444 0.03249444444444444
06 0.17125 0.905 0.11248809523809523 0.044988095238095105
03 0.4075 0.8831249999999999 0.027492977528089824 0.04874297752808976
06 0.55125 0.670625 0.08749509803921574 0.0787450980392157
03 0.58375 0.213125 0.019956896551724057 0.043706896551724134
06 0.7793803879310345 0.73125 0.09373922413793112 0.10247844827586217
13 0.864375 0.04125 0.07613636363636367 0.06238636363636364
03 0.16937855113636363 0.3075 0.04874289772727275 0.022485795454545432
07 0.7987500000000001 0.28625 0.027469512195121948 0.10996951219512197
