14 0.978125 0.59125 0.013733552631578938 0.029983552631578925
14 0.69625 0.931875 0.029991610738254848 0.026241610738254817
11 0.08499999999999999 0.60375 0.022456896551724143 0.014956896551724164
11 0.9275 0.128125 0.019994444444444426 0.01874444444444448
03 0.72 0.7749999999999999 0.04248809523809516 0.024988095238095087
03 0.166875 0.43937499999999996 0.023742977528089876 0.031242977528089855
04 0.17125 0.661875 0.0174950980392157 0.013745098039215753
03 0.20500000000000002 0.955 0.014956896551724136 0.02745689655172412
08 0.231875 0.6156250000000001 0.011228448275862057 0.03372844827586208
14 0.37625 0.98875 0.014886363636363587 0.014886363636363753
16 0.057499999999999996 0.840625 0.01748579545454545 0.0337357954545453
