09 0.8887499999999999 0.7106250000000001 0.027483552631578978 0.031233552631578898
03 0.160625 0.3725 0.04124161073825505 0.03249161073825502
09 0.24125000000000002 0.566875 0.014956896551724136 0.036206896551724155
03 0.28625 0.690625 0.017494444444444424 0.01874444444444434
11 0.8831249999999999 0.905 0.021238095238095167 0.024988095238095087
14 0.04375 0.054375 0.06999297752808989 0.021242977528089887
00 0.5425 0.389375 0.027495098039215682 0.018745098039215702
03 0.7831250000000001 0.265 0.02120689655172414 0.04495689655172411
14 0.11 0.82125 0.019978448275862065 0.042478448275862224
20 0.27625 0.75875 0.029886363636363655 0.024886363636363762
03 0.750625 0.268125 0.023735795454545405 0.03623579545454547
