06 0.20375 0.7375 0.029983552631578952 0.027483552631578978
03 0.6825 0.80125 0.03499161073825485 0.03749161073825491
01 0.629375 0.249375 0.028706896551724093 0.01870689655172411
03 0.585 0.93375 0.039994444444444555 0.07749444444444431
03 0.308125 0.236875 0.06873809523809526 0.06873809523809526
08 0.92125 0.515 0.024992977528089932 0.10749297752808978
06 0.04625 0.533125 0.019995098039215682 0.09624509803921572
06 0.356875 0.568125 0.05625000000000002 0.04870689655172411
06 0.215625 0.73875 0.031228448275862047 0.0174784482758622
10 0.318125 0.093125 0.03613636363636363 0.03613636363636363
