01 0.0875 0.731875 0.022483552631578946 0.02123355263157889
20 0.7206250000000001 0.465625 0.01624161073825492 0.01624161073825503
10 0.79125 0.2475 0.024956896551724173 0.01995689655172414
08 0.61 0.704375 0.019994444444444426 0.023744444444444346
03 0.208125 0.283125 0.03373809523809526 0.021238095238095278
03 0.723125 0.22249999999999998 0.01374297752808984 0.03499297752808986
04 0.9437500000000001 0.1325 0.022495098039215677 0.01999509803921569
01 0.29625 0.375625 0.014956896551724108 0.011206896551724133
17 0.649375 0.878125 0.03122844827586224 0.03372844827586219
05 0.49 0.909375 0.024886363636363595 0.016136363636363726
03 0.499375 0.08 0.02873579545454552 0.029985795454545466
