03 0.5225 0.18875 0.014983552631578911 0.027483552631578978
13 0.383125 0.541875 0.08124161073825509 0.018741610738254977
03 0.874375 0.274375 0.026206896551724146 0.02120689655172414
08 0.77125 0.545625 0.012494444444444364 0.016244444444444506
06 0.063125 0.49749999999999994 0.10623809523809524 0.00998809523809524
10 0.10375000000000001 0.14375 0.02249297752808989 0.0199929775280899
12 0.84875 0.600625 0.04499509803921575 0.046245098039215726
01 0.373125 0.234375 0.016206896551724137 0.013706896551724135
05 0.54 0.045625 0.029978448275862046 0.018728448275862064
06 0.16000000000000003 0.74125 0.04738636363636364 0.019886363636363757
12 0.3175 0.058125 0.029985795454545494 0.031235795454545454
04 0.441875 0.736875 0.023719512195121972 0.018719512195121912
15 0.08125 0.174375 0.04248214285714286 0.02123214285714281
