03 0.746875 0.26375 0.016233552631578885 0.05748355263157898
11 0.18312499999999998 0.620625 0.05624161073825504 0.043741610738255
02 0.0875 0.22 0.08745689655172412 0.09245689655172412
20 0.11375 0.7525 0.03999444444444447 0.027494444444444377
02 0.568125 0.8881220238095238 0.03873809523809535 0.038744047619047595
13 0.520625 0.796875 0.15374297752808985 0.1937429775280899
15 0.058124999999999996 0.801875 0.031245098039215685 0.031245098039215602
20 0.88625 0.5525 0.04245689655172413 0.02745689655172412
00 0.6956249999999999 0.756875 0.05872844827586221 0.05122844827586215
07 0.060000000000000005 0.9693750000000001 0.07738636363636364 0.036136363636363744
03 0.665 0.595 0.03998579545454539 0.06998579545454542
04 0.091875 0.715 0.06121951219512194 0.04246951219512196
20 0.565625 0.166875 0.026232142857142815 0.02373214285714287
