03 0.14875000000000002 0.17250000000000001 0.06748355263157897 0.04998355263157894
15 0.9525 0.23625000000000002 0.01999161073825495 0.04249161073825505
11 0.3025 0.736875 0.06245689655172415 0.0337068965517241
03 0.135 0.21375 0.13249444444444444 0.04249444444444442
08 0.17875000000000002 0.433125 0.07248809523809527 0.1012380952380953
13 0.559375 0.125625 0.07624297752808984 0.15124297752808988
10 0.360625 0.16875 0.043745098039215724 0.03999509803921569
13 0.34375 0.15187499999999998 0.08995689655172412 0.04870689655172414
03 0.43 0.73875 0.029978448275862046 0.06497844827586219
20 0.756875 0.04375 0.0486363636363637 0.039886363636363636
03 0.07125000000000001 0.08 0.06998579545454546 0.047485795454545454
18 0.59 0.06875 0.039969512195122014 0.04246951219512195
10 0.08937500000000001 0.91625 0.03123214285714286 0.019982142857142837
20 0.8775 0.4625 0.032487500000000114 0.0324875
