02 0.8643749999999999 0.678125 0.031233552631578898 0.023733552631578947
13 0.159375 0.650625 0.03624161073825505 0.038741610738254995
07 0.459375 0.811875 0.048706896551724166 0.026206896551724146
13 0.543125 0.2525 0.036244444444444524 0.08249444444444443
08 0.083125 0.9706250000000001 0.02623809523809524 0.01623809523809505
10 0.9293750000000001 0.293125 0.026242977528089795 0.023742977528089848
11 0.44875 0.15000000000000002 0.027495098039215682 0.0174950980392157
04 0.06625 0.06625 0.017456896551724145 0.014956896551724143
09 0.140625 0.6368750000000001 0.018728448275862064 0.021228448275862122
01 0.401875 0.18937500000000002 0.021136363636363564 0.021136363636363648
00 0.376875 0.5462499999999999 0.02123579545454546 0.01498579545454548
07 0.33875 0.42374999999999996 0.05496951219512197 0.09246951219512195
