18 0.9075 0.90375 0.014983552631578911 0.01748355263157897
03 0.7 0.975 0.014991610738254946 0.01999161073825495
01 0.50875 0.8300000000000001 0.012456896551724106 0.012456896551724106
03 0.639375 0.5918749999999999 0.026244444444444404 0.018744444444444563
11 0.436875 0.2875 0.02373809523809528 0.022488095238095307
12 0.953125 0.554375 0.0312429775280898 0.028742977528089853
06 0.278125 0.761875 0.021245098039215704 0.038745098039215664
20 0.914375 0.711875 0.016206896551724137 0.01370689655172408
10 0.82125 0.026250000000000002 0.032478448275862215 0.014978448275862075
14 0.8825000000000001 0.6525000000000001 0.03488636363636377 0.02738636363636371
03 0.794375 0.45687500000000003 0.016235795454545232 0.02373579545454546
03 0.6999923780487805 0.64 0.022484756097561065 0.01746951219512205
