20 0.26937500000000003 0.398125 0.021233552631578945 0.018733552631578942
15 0.49624999999999997 0.05 0.03749161073825502 0.032491610738255024
18 0.854375 0.806875 0.0237068965517242 0.026206896551724146
03 0.74875 0.0675 0.054994444444444346 0.024994444444444444
05 0.786875 0.6793750000000001 0.041238095238095074 0.04623809523809508
07 0.9799982443820225 0.21437499999999998 0.02749648876404487 0.038742977528089834
17 0.125625 0.905625 0.03874509803921569 0.04124509803921561
10 0.838125 0.586875 0.026206896551724146 0.018706896551724195
12 0.8975 0.148125 0.049978448275862175 0.05122844827586205
12 0.590625 0.91875 0.061136363636363655 0.029886363636363655
08 0.3318785511363636 0.5706249999999999 0.03624289772727274 0.0187357954545454
13 0.73 0.57875 0.06496951219512193 0.11496951219512197
08 0.40875 0.7999955357142857 0.02748214285714279 0.062491071428571354
01 0.6875 0.79 0.022487499999999994 0.02498750000000005
