11 0.905625 0.31124999999999997 0.023733552631578947 0.019983552631578916
07 0.846875 0.18625 0.018741610738254866 0.08249161073825506
06 0.9537500000000001 0.79625 0.022456896551724115 0.07245689655172405
03 0.663751388888889 0.6000000000000001 0.042497222222222186 0.05499444444444446
09 0.75375 0.176875 0.02998809523809509 0.021238095238095278
06 0.938125 0.103125 0.026242977528089906 0.011242977528089879
03 0.7424999999999999 0.40437500000000004 0.05499509803921565 0.03624509803921566
08 0.9918750000000001 0.378125 0.01370689655172408 0.026206896551724146
14 0.65 0.19 0.0274784482758621 0.05997844827586207
14 0.09187500000000001 0.934375 0.023636363636363636 0.053636363636363815
