04 0.5225 0.5193749999999999 0.02498355263157892 0.02873355263157895
07 0.019999999999999997 0.60875 0.022491610738255032 0.027491610738255012
03 0.9237500000000001 0.2475 0.012456896551724106 0.024956896551724145
03 0.7762500000000001 0.31625000000000003 0.007494444444444359 0.029994444444444435
11 0.8206249999999999 0.085625 0.021238095238095167 0.02373809523809524
12 0.454375 0.463125 0.0337429775280898 0.04624297752808987
12 0.82875 0.924375 0.049995098039215646 0.048745098039215784
00 0.29312499999999997 0.7618750000000001 0.02620689655172409 0.023706896551724088
08 0.4493803879310345 0.285625 0.016239224137931052 0.02372844827586207
14 0.87625 0.62375 0.039886363636363775 0.01738636363636359
03 0.676875 0.784375 0.026235795454545352 0.02873579545454541
03 0.77875 0.370625 0.024969512195122 0.04371951219512199
07 0.424375 0.31562500000000004 0.03373214285714288 0.048732142857142835
