03 0.279375 0.48125 0.02873355263157895 0.0624835526315789
05 0.6693749999999999 0.20124999999999998 0.05874161073825501 0.03499161073825505
04 0.889375 0.68625 0.046206896551724164 0.03495689655172418
03 0.861875 0.34187500000000004 0.09624444444444435 0.0662444444444445
10 0.825 0.91 0.05748809523809506 0.037488095238095154
12 0.764375 0.28500000000000003 0.11124297752808987 0.09999297752808983
18 0.27 0.119375 0.03749509803921569 0.041245098039215694
09 0.7737499999999999 0.77 0.0649568965517241 0.04745689655172414
20 0.6756249999999999 0.025625 0.06122844827586216 0.043728448275862065
13 0.475 0.48875 0.1698863636363636 0.047386363636363615
10 0.581875 0.378125 0.031235795454545467 0.026235795454545463
04 0.07125 0.526875 0.052469512195121935 0.03871951219512204
