02 0.7475 0.48124999999999996 0.01748355263157897 0.01248355263157891
00 0.77125 0.676875 0.017491610738254892 0.013741610738254861
14 0.7875000000000001 0.333125 0.012456896551724106 0.028706896551724093
09 0.575 0.24624999999999997 0.027494444444444488 0.029994444444444407
03 0.448125 0.5118750000000001 0.01123809523809527 0.016238095238095274
03 0.12812675561797754 0.32 0.02124648876404496 0.01749297752808987
04 0.5900000000000001 0.376875 0.012495098039215669 0.0162450980392157
03 0.515 0.41312499999999996 0.014956896551724164 0.04370689655172416
03 0.9099999999999999 0.084375 0.0174784482758622 0.02872844827586206
00 0.885625 0.10500000000000001 0.016136363636363837 0.01738636363636363
03 0.21375 0.731875 0.01498579545454548 0.021235795454545348
05 0.22999999999999998 0.47750000000000004 0.012469512195121962 0.022469512195122
11 0.73 0.83125 0.019982142857142837 0.014982142857142833
