13 0.05249999999999999 0.275625 0.05998355263157894 0.03623355263157896
15 0.228125 0.745 0.021241610738255035 0.014991610738254835
15 0.8362499999999999 0.3775 0.00995689655172416 0.03745689655172413
07 0.83125 0.12062500000000001 0.019994444444444315 0.026244444444444473
02 0.909375 0.606875 0.02623809523809506 0.021238095238095167
00 0.306875 0.741875 0.021242977528089846 0.018742977528089844
12 0.378125 0.61375 0.03374509803921566 0.02999509803921563
03 0.249375 0.400625 0.023706896551724116 0.026206896551724146
03 0.8743749999999999 0.4525 0.0062284482758622195 0.012478448275862086
10 0.7675000000000001 0.665625 0.022386363636363815 0.02113636363636373
13 0.5387500000000001 0.41375 0.037485795454545445 0.047485795454545454
