01 0.436875 0.2175 0.026233552631578894 0.01998355263157897
18 0.235625 0.329375 0.01624161073825503 0.018741610738255032
03 0.974375 0.474375 0.0237068965517242 0.028706896551724093
06 0.83375 0.7518750000000001 0.022494444444444373 0.02874444444444435
11 0.578125 0.333125 0.02623809523809517 0.026238095238095283
06 0.296875 0.4181232443820225 0.08624297752808985 0.05624648876404492
06 0.7412512254901961 0.99 0.032497549019607774 0.01249509803921578
20 0.226875 0.88375 0.023706896551724116 0.01745689655172411
03 0.5918749999999999 0.21 0.03372844827586208 0.05497844827586207
02 0.529375 0.549375 0.026136363636363624 0.07363636363636361
