05 0.041875 0.035 0.031233552631578954 0.04498355263157895
08 0.61625 0.6343749999999999 0.027491610738255012 0.04874161073825489
03 0.56 0.71875 0.059956896551724204 0.032456896551724235
20 0.6543749999999999 0.35750000000000004 0.02874444444444446 0.024994444444444486
03 0.7987500000000001 0.07375 0.03248809523809515 0.06248809523809523
20 0.850625 0.38812500000000005 0.04624297752808981 0.031242977528089855
20 0.81875 0.615625 0.014995098039215726 0.0162450980392157
00 0.7775000000000001 0.41500000000000004 0.039956896551724186 0.034956896551724126
06 0.16625 0.148125 0.05997844827586207 0.10872844827586206
18 0.671875 0.27437500000000004 0.028636363636363793 0.031136363636363684
