03 0.526875 0.49562500000000004 0.031233552631578898 0.07123355263157893
12 0.855 0.36687499999999995 0.07749161073825483 0.08624161073825504
19 0.37124999999999997 0.48687500000000006 0.04995689655172414 0.03870689655172416
00 0.34750000000000003 0.33125000000000004 0.05749444444444446 0.044994444444444504
03 0.964375 0.571875 0.031238095238095065 0.021238095238095278
00 0.365 0.38375000000000004 0.04749297752808984 0.03999297752808989
14 0.11624999999999999 0.6575 0.0649950980392157 0.0474950980392157
04 0.4325 0.76625 0.05245689655172414 0.039956896551724075
04 0.82375 0.23625000000000002 0.04497844827586217 0.04497844827586209
18 0.49124999999999996 0.7075 0.03738636363636355 0.03738636363636372
06 0.10375000000000001 0.165 0.044985795454545466 0.12998579545454547
14 0.515 0.4225 0.03246951219512195 0.04496951219512196
19 0.478125 0.87625 0.04373214285714283 0.06498214285714288
