09 0.7650041118421053 0.06999999999999999 0.0674917763157894 0.03248355263157895
08 0.98 0.510625 0.017491610738254892 0.056241610738255066
03 0.974375 0.259375 0.011206896551724133 0.031206896551724095
04 0.8325 0.35562499999999997 0.03499444444444433 0.021244444444444455
05 0.85625 0.136875 0.03998809523809521 0.01873809523809522
03 0.03937499999999999 0.395625 0.04624297752808988 0.02624297752808985
02 0.1175 0.7737499999999999 0.029995098039215684 0.03499509803921563
15 0.181875 0.13 0.021206896551724114 0.027456896551724133
20 0.25 0.7375 0.024978448275862042 0.024978448275862264
09 0.265625 0.16312500000000002 0.03613636363636366 0.04863636363636367
03 0.686875 0.8262499999999999 0.04623579545454537 0.0499857954545454
03 0.73 0.6368750000000001 0.04996951219512202 0.04871951219512194
