09 0.09999999999999999 0.87625 0.04998355263157894 0.03498355263157893
12 0.72125 0.26375 0.032491610738254906 0.052491610738255035
15 0.32062500000000005 0.64375 0.013706896551724135 0.019956896551724168
07 0.115625 0.625 0.03624444444444447 0.05499444444444446
14 0.9137500000000001 0.09375 0.04248809523809516 0.01998809523809522
03 0.30562500000000004 0.8375 0.04624297752808987 0.01749297752808987
04 0.84125 0.38 0.022495098039215677 0.022495098039215677
03 0.5275000000000001 0.656875 0.039956896551724186 0.018706896551724084
03 0.61375 0.595 0.04497844827586206 0.03497844827586205
15 0.69875 0.178125 0.039886363636363775 0.04613636363636364
07 0.190625 0.79375 0.061235795454545466 0.044985795454545285
11 0.203125 0.25687499999999996 0.028719512195121977 0.023719512195121972
