13 0.484375 0.53 0.04123355263157885 0.05998355263157895
03 0.161875 0.740625 0.01874161073825506 0.013741610738254861
06 0.280625 0.8481142241379311 0.04620689655172411 0.01372844827586206
01 0.110625 0.7418750000000001 0.01624444444444445 0.016244444444444395
03 0.26749999999999996 0.86625 0.012488095238095298 0.014988095238095078
03 0.5506232443820225 0.846875 0.006246488764044988 0.016242977528089786
06 0.138125 0.8200000000000001 0.04374509803921568 0.02999509803921574
03 0.409375 0.9550000000000001 0.011206896551724133 0.019956896551724168
03 0.358125 0.406875 0.011228448275862057 0.01372844827586206
03 0.17 0.938125 0.09238636363636366 0.06613636363636366
