05 0.275 0.29000000000000004 0.014983552631578967 0.02998355263157898
03 0.43625 0.164375 0.009991610738254997 0.043741610738255055
03 0.44 0.44999999999999996 0.01745689655172411 0.014956896551724108
04 0.60375 0.621875 0.029994444444444435 0.028744444444444572
08 0.445 0.53625 0.04248809523809527 0.019988095238095305
08 0.964375 0.571875 0.011242977528089781 0.04124297752808981
09 0.29375 0.8356250000000001 0.022495098039215677 0.02374509803921565
01 0.31875 0.5231250000000001 0.02245689655172417 0.018706896551724195
07 0.735625 0.2325 0.05122844827586226 0.04747844827586206
01 0.034375 0.233125 0.021136363636363637 0.018636363636363673
12 0.926875 0.458125 0.031235795454545245 0.038735795454545474
11 0.3775 0.9181250000000001 0.027469512195121948 0.02871951219512192
