06 0.6575 0.885 0.007483552631578849 0.029983552631578814
15 0.33 0.081875 0.052491610738255035 0.02624161073825504
19 0.8 0.1975 0.02495689655172406 0.034956896551724126
02 0.611875 0.666875 0.03624444444444441 0.026244444444444293
03 0.305 0.36375 0.03248809523809526 0.029988095238095258
08 0.598125 0.569375 0.03874297752808986 0.01374297752808984
18 0.36875 0.703125 0.019995098039215675 0.023745098039215762
00 0.68375 0.83375 0.02745689655172412 0.02745689655172412
06 0.4593803879310344 0.181875 0.086239224137931 0.061228448275862074
15 0.22190340909090908 0.28059659090909095 0.02619318181818181 0.0161931818181818
03 0.27375 0.28500000000000003 0.022485795454545432 0.02998579545454544
