11 0.8474999999999999 0.7575000000000001 0.0624835526315789 0.054983552631578836
03 0.8174999999999999 0.61125 0.0274916107382549 0.079991610738255
00 0.11937500000000001 0.868125 0.07370689655172413 0.04870689655172411
03 0.28375 0.40937500000000004 0.06499444444444447 0.0662444444444445
03 0.7893749999999999 0.054375 0.058738095238095034 0.051238095238095235
00 0.884375 0.956875 0.05874297752808988 0.05874297752808988
04 0.320625 0.9450000000000001 0.05874509803921568 0.0674950980392156
13 0.314375 0.378125 0.2012068965517241 0.06870689655172413
08 0.630625 0.11875000000000001 0.08872844827586213 0.027478448275862072
08 0.06252840909090909 0.610625 0.027443181818181818 0.026136363636363624
