07 0.878125 0.16312500000000002 0.04623355263157891 0.04623355263157894
19 0.754375 0.365 0.026241610738254928 0.022491610738255063
00 0.695 0.666875 0.02745689655172412 0.02120689655172403
18 0.434375 0.940625 0.016244444444444506 0.01874444444444434
06 0.846875 0.900625 0.08623809523809511 0.023738095238095114
10 0.574375 0.050625 0.018742977528089844 0.023742977528089883
03 0.5662499999999999 0.038125000000000006 0.009995098039215722 0.03624509803921569
04 0.229375 0.781875 0.026206896551724146 0.016206896551724137
14 0.901875 0.60625 0.01622844827586223 0.05997844827586207
03 0.1575 0.58375 0.029886363636363655 0.02488636363636365
18 0.54125 0.859375 0.019985795454545485 0.021235795454545237
