00 0.531875 0.9675 0.023733552631578947 0.022483552631578863
08 0.6693770973154363 0.28625 0.023745805369127515 0.03749161073825502
06 0.525 0.066875 0.01745689655172411 0.02370689655172415
03 0.11812500000000001 0.08937500000000001 0.026244444444444473 0.018744444444444466
06 0.625625 0.435625 0.07873809523809516 0.01123809523809527
03 0.87625 0.230625 0.022492977528089875 0.008742977528089835
13 0.5856250000000001 0.653125 0.07624509803921564 0.07624509803921564
18 0.13874999999999998 0.6018749999999999 0.01995689655172414 0.023706896551724088
03 0.95 0.655625 0.039978448275862166 0.03872844827586208
14 0.6018749999999999 0.328125 0.03613636363636352 0.038636363636363635
