03 0.450625 0.693125 0.043733552631578854 0.0362335526315789
06 0.315 0.1925 0.03749161073825502 0.024991610738255066
05 0.48875 0.91875 0.022456896551724115 0.039956896551724186
08 0.2093763888888889 0.07750000000000001 0.03874722222222221 0.03499444444444445
08 0.59875 0.47250000000000003 0.019988095238095305 0.022488095238095307
13 0.12437499999999999 0.130625 0.10124297752808986 0.0512429775280899
14 0.6993750000000001 0.8162499999999999 0.05124509803921573 0.042495098039215695
18 0.743125 0.8356250000000001 0.023706896551724088 0.026206896551724035
05 0.329375 0.34687500000000004 0.05122844827586209 0.02622844827586207
03 0.5525 0.396875 0.04238636363636361 0.0586363636363636
03 0.25124644886363634 0.08625 0.05999289772727273 0.042485795454545464
03 0.706875 0.37687499999999996 0.018719512195122023 0.028719512195121977
17 0.40375 0.09375 0.039982142857142855 0.049982142857142864
08 0.641875 0.78 0.026237500000000025 0.047487500000000016
