07 0.388125 0.046875 0.09123355263157895 0.02623355263157895
06 0.26937500000000003 0.65125 0.15374161073825504 0.014991610738254835
20 0.266875 0.39437500000000003 0.02620689655172409 0.023706896551724144
06 0.28250000000000003 0.915625 0.1524944444444445 0.023744444444444346
08 0.64375 0.29625 0.017488095238095247 0.06498809523809529
14 0.254375 0.610625 0.051242977528089845 0.03874297752808986
07 0.76125 0.26937500000000003 0.1774950980392157 0.0862450980392157
02 0.5862499999999999 0.715 0.09745689655172407 0.057456896551724146
06 0.45562500000000006 0.7975 0.1862284482758621 0.024978448275862153
01 0.020624999999999998 0.169375 0.028636363636363633 0.018636363636363673
20 0.08125 0.55 0.019985795454545457 0.019985795454545485
03 0.32625 0.655625 0.07246951219512199 0.043719512195121935
