03 0.870625 0.94375 0.033733552631578956 0.04498355263157894
05 0.963125 0.555625 0.04124161073825494 0.02374161073825498
16 0.24125000000000002 0.75875 0.027456896551724147 0.05495689655172409
18 0.63625 0.9450000000000001 0.029994444444444435 0.03249444444444427
20 0.719375 0.1725 0.028738095238095118 0.02498809523809528
08 0.719375 0.7350000000000001 0.02124297752808979 0.03499297752808983
18 0.755625 0.66 0.023745098039215762 0.027495098039215682
09 0.4175 0.21250000000000002 0.03995689655172413 0.05745689655172412
09 0.12687500000000002 0.746875 0.038728448275862054 0.056228448275862264
08 0.17625000000000002 0.38749999999999996 0.04738636363636364 0.024886363636363595
