19 0.6312500000000001 0.405625 0.039983552631578934 0.038733552631578905
03 0.36124999999999996 0.348125 0.03499161073825502 0.05124161073825506
11 0.840625 0.56875 0.036206896551724044 0.03745689655172413
15 0.7931250000000001 0.6487499999999999 0.031244444444444297 0.029994444444444435
08 0.96875 0.10625 0.027488095238095145 0.027488095238095228
08 0.426875 0.0275 0.016242977528089897 0.04749297752808989
11 0.139375 0.3725 0.0312450980392157 0.024995098039215735
03 0.369375 0.975 0.016206896551724137 0.049956896551724084
06 0.265625 0.855 0.01372844827586206 0.07247844827586225
14 0.9425 0.756875 0.04738636363636384 0.04113636363636375
