06 0.833125 0.951875 0.083733552631579 0.016233552631578885
11 0.75625 0.734375 0.02999161073825496 0.026241610738254817
08 0.046875 0.586875 0.02870689655172414 0.046206896551724164
12 0.33187500000000003 0.35 0.06374444444444444 0.0399944444444445
03 0.06875 0.87625 0.017488095238095233 0.04248809523809516
09 0.345625 0.04875 0.04874297752808987 0.03999297752808989
01 0.956875 0.106875 0.0162450980392157 0.013745098039215697
03 0.7518750000000001 0.254375 0.01370689655172408 0.02870689655172412
12 0.5287499999999999 0.624375 0.07997844827586204 0.03872844827586208
03 0.4175 0.128125 0.03988636363636361 0.03613636363636362
12 0.830625 0.7525 0.058735795454545325 0.05998579545454541
