04 0.910625 0.29125 0.02873355263157884 0.02998355263157898
06 0.32625 0.13999790268456377 0.06249161073825504 0.05249580536912753
06 0.22813577586206896 0.08249999999999999 0.07372844827586209 0.039956896551724144
04 0.618125 0.279375 0.026244444444444515 0.031244444444444408
06 0.7843720238095238 0.760625 0.031244047619047532 0.07873809523809516
03 0.948125 0.10375000000000001 0.04124297752808981 0.04249297752808988
03 0.943125 0.9593750000000001 0.02624509803921571 0.02374509803921565
20 0.445 0.37312500000000004 0.01745689655172411 0.01870689655172414
03 0.12 0.371875 0.039978448275862055 0.04622844827586203
11 0.811875 0.25687499999999996 0.028636363636363793 0.02613636363636368
12 0.794375 0.74 0.03623579545454525 0.08748579545454538
09 0.888125 0.698125 0.03371951219512204 0.02121951219512197
15 0.20625 0.6625 0.027482142857142816 0.02498214285714284
