20 0.07749999999999999 0.07 0.01248355263157895 0.01248355263157895
03 0.3175 0.2475 0.022491610738255008 0.03749161073825502
06 0.54375 0.48 0.04495689655172408 0.02995689655172412
05 0.640625 0.116875 0.0212444444444444 0.03624444444444447
03 0.016875 0.7112499999999999 0.026238095238095237 0.044988095238095105
03 0.13624999999999998 0.924375 0.0199929775280899 0.03374297752808986
13 0.069375 0.6893750000000001 0.0362450980392157 0.09374509803921571
18 0.32062500000000005 0.45875 0.01870689655172414 0.022456896551724115
20 0.338125 0.019375000000000003 0.016228448275862062 0.01372844827586207
07 0.811875 0.624375 0.05863636363636382 0.016136363636363615
