02 0.169375 0.476875 0.09873355263157894 0.18873355263157887
20 0.37 0.42625 0.05999161073825504 0.04499161073825503
04 0.48250000000000004 0.273125 0.06745689655172415 0.0712068965517241
03 0.06125 0.464375 0.06249444444444445 0.06374444444444449
09 0.6824999999999999 0.9450000000000001 0.12248809523809523 0.07248809523809518
14 0.56 0.8625 0.08999297752808977 0.13249297752808986
10 0.40437500000000004 0.958125 0.05624509803921568 0.05374509803921579
20 0.354375 0.58375 0.06370689655172412 0.04245689655172413
03 0.19125 0.551875 0.029978448275862046 0.073728448275862
18 0.129375 0.055 0.05113636363636363 0.052386363636363634
07 0.53 0.6043749999999999 0.12998579545454542 0.09123579545454541
07 0.308125 0.4375 0.06621951219512195 0.13996951219512194
03 0.725625 0.42437499999999995 0.11373214285714284 0.04373214285714283
03 0.89375 0.833125 0.11498750000000002 0.09623749999999998
