10 0.0325 0.795625 0.019983552631578954 0.02123355263157889
18 0.30000000000000004 0.138125 0.012491610738255055 0.013741610738255028
20 0.213125 0.8225 0.023706896551724116 0.01745689655172411
18 0.234375 0.23375 0.01624444444444445 0.01749444444444445
02 0.03125 0.898125 0.017488095238095233 0.03873809523809513
11 0.895 0.34875 0.02499297752808982 0.019992977528089817
04 0.965625 0.13624999999999998 0.02374509803921565 0.019995098039215703
13 0.6725 0.098125 0.049956896551724084 0.031206896551724123
13 0.26187499999999997 0.7618750000000001 0.038728448275862054 0.07872844827586223
20 0.6125 0.356875 0.019886363636363646 0.018636363636363562
06 0.28375 0.07875 0.022485795454545432 0.07998579545454546
14 0.5662499999999999 0.73375 0.027469512195121948 0.03246951219512195
04 0.256875 0.82625 0.026232142857142843 0.02498214285714284
