13 0.8831249999999999 0.764375 0.07373355263157888 0.031233552631578898
10 0.859375 0.763125 0.021241610738254924 0.021241610738254812
01 0.25125000000000003 0.635625 0.012456896551724134 0.01370689655172419
15 0.810625 0.474375 0.033744444444444355 0.023744444444444512
13 0.6956249999999999 0.7675000000000001 0.031238095238095176 0.11498809523809517
05 0.9824999999999999 0.9175 0.02499297752808982 0.02499297752808982
08 0.936875 0.63375 0.0162450980392157 0.03749509803921569
20 0.17375000000000002 0.54125 0.024956896551724145 0.024956896551724173
18 0.614375 0.09 0.016228448275862117 0.017478448275862063
03 0.620625 0.274375 0.008636363636363553 0.023636363636363678
04 0.12562500000000001 0.244375 0.02873579545454548 0.02123579545454546
