00 0.401875 0.9381250000000001 0.0337335526315789 0.031233552631578898
03 0.760625 0.035 0.031241610738254932 0.04749161073825504
01 0.185 0.345 0.022456896551724115 0.02245689655172417
05 0.9175 0.37124999999999997 0.047494444444444284 0.024994444444444486
02 0.280625 0.5687500000000001 0.07873809523809527 0.027488095238095256
14 0.431875 0.40375 0.041242977528089864 0.039992977528089835
01 0.600625 0.1525 0.018745098039215757 0.019995098039215675
10 0.26 0.16875 0.032456896551724124 0.02995689655172415
18 0.4925 0.136875 0.024978448275862042 0.02872844827586206
12 0.684375 0.651875 0.08613636363636379 0.08863636363636374
19 0.2375 0.89625 0.047485795454545454 0.03498579545454539
03 0.5725 0.30062500000000003 0.06246951219512198 0.04371951219512199
03 0.628125 0.4225 0.03873214285714288 0.02498214285714284
