08 0.7168749999999999 0.20187500000000003 0.023733552631578836 0.023733552631578975
20 0.886875 0.7025 0.03374161073825488 0.032491610738254906
20 0.8106249999999999 0.5549999999999999 0.02120689655172414 0.022456896551724115
15 0.963125 0.14625 0.02874444444444435 0.03249444444444444
03 0.49875 0.6543749999999999 0.032488095238095316 0.031238095238095176
06 0.49874999999999997 0.20124999999999998 0.03499297752808983 0.029992977528089854
03 0.941875 0.40312499999999996 0.06374509803921569 0.02874509803921571
06 0.980625 0.74125 0.016206896551724137 0.032456896551724124
20 0.178125 0.75875 0.01372844827586206 0.012478448275862197
01 0.32499999999999996 0.08374999999999999 0.02238636363636365 0.022386363636363635
11 0.970625 0.96125 0.03873579545454531 0.027485795454545325
