03 0.64625 0.76125 0.017483552631578858 0.009983552631578907
10 0.3725 0.42000000000000004 0.01999161073825506 0.022491610738255063
11 0.35875 0.64 0.02745689655172412 0.029956896551724066
11 0.6299999999999999 0.185 0.02499444444444443 0.027494444444444432
03 0.606875 0.78375 0.026238095238095283 0.027488095238095034
06 0.036875000000000005 0.63875 0.05624297752808989 0.039992977528089835
03 0.38125 0.15625 0.03499509803921569 0.03999509803921569
06 0.94125 0.8887499999999999 0.0699568965517241 0.04495689655172408
00 0.7581249999999999 0.69 0.036228448275862246 0.03497844827586227
03 0.115625 0.743125 0.04113636363636364 0.1636363636363637
04 0.28312499999999996 0.65625 0.028735795454545465 0.019985795454545263
03 0.27375 0.395625 0.022469512195121943 0.026219512195121975
