08 0.4075 0.924375 0.02998355263157887 0.05873355263157898
10 0.6281249999999999 0.28500000000000003 0.04124161073825494 0.03999161073825502
01 0.16999999999999998 0.4075 0.05745689655172412 0.04245689655172408
01 0.15875 0.30125 0.02749444444444446 0.022494444444444428
03 0.199375 0.544375 0.07873809523809527 0.051238095238095194
15 0.280625 0.15 0.043742977528089866 0.06249297752808987
13 0.720625 0.109375 0.1412450980392157 0.10124509803921568
04 0.075 0.33187500000000003 0.04245689655172414 0.04370689655172416
09 0.545625 0.159375 0.03122844827586202 0.07122844827586208
07 0.100625 0.8887499999999999 0.07113636363636364 0.024886363636363762
00 0.204375 0.521875 0.04373579545454548 0.02873579545454552
04 0.12437500000000001 0.10375000000000001 0.04871951219512195 0.04246951219512195
03 0.4 0.43937499999999996 0.04998214285714281 0.048732142857142835
04 0.07 0.34375 0.03998750000000001 0.039987500000000065
