06 0.14375 0.145625 0.012483552631578937 0.09123355263157895
20 0.5487500000000001 0.441875 0.009991610738255052 0.013741610738255028
07 0.721864224137931 0.875 0.026228448275862126 0.04495689655172419
18 0.739375 0.278125 0.018744444444444452 0.0212444444444444
03 0.154375 0.27125 0.05123809523809525 0.024988095238095254
13 0.5718749999999999 0.7206250000000001 0.06374297752808988 0.043742977528089866
16 0.2575 0.39937500000000004 0.039995098039215665 0.026245098039215653
03 0.906875 0.9650000000000001 0.0237068965517242 0.019956896551724168
14 0.685 0.683125 0.04247844827586211 0.036228448275862135
04 0.235 0.6625 0.02738636363636368 0.019886363636363757
03 0.651875 0.06 0.04873579545454543 0.03248579545454544
11 0.25125 0.260625 0.022469512195122 0.02121951219512197
05 0.44999999999999996 0.879375 0.03248214285714285 0.02373214285714287
10 0.805625 0.7887500000000001 0.026237500000000025 0.01748749999999999
