15 0.641875 0.254375 0.02123355263157889 0.01623355263157894
08 0.8025 0.60375 0.03499161073825485 0.014991610738255057
03 0.61375 0.8456250000000001 0.04745689655172414 0.018706896551724195
13 0.709375 0.934375 0.043744444444444364 0.01874444444444434
04 0.1 0.5606249999999999 0.017488095238095233 0.013738095238095327
03 0.42125 0.419375 0.019992977528089872 0.01374297752808984
12 0.9425 0.596875 0.027495098039215682 0.03374509803921566
20 0.489375 0.391875 0.023706896551724144 0.02620689655172409
03 0.633125 0.88875 0.016228448275862117 0.042478448275862224
00 0.046875 0.7475 0.021136363636363634 0.0173863636363637
