03 0.273125 0.930625 0.02873355263157895 0.023733552631578836
20 0.9675 0.503125 0.022491610738254897 0.021241610738255035
11 0.159375 0.365625 0.03620689655172413 0.023706896551724144
02 0.063125 0.75125 0.02624444444444444 0.03999444444444433
01 0.565625 0.958125 0.021238095238095278 0.016238095238095163
20 0.080625 0.77875 0.04124297752808989 0.032492977528089884
12 0.691875 0.239375 0.03374509803921566 0.05874509803921568
13 0.8925000000000001 0.29625 0.059956896551724204 0.04745689655172414
12 0.41374999999999995 0.51875 0.062478448275862075 0.04997844827586212
03 0.125 0.660625 0.02738636363636364 0.026136363636363735
10 0.56125 0.1725 0.0349857954545455 0.027485795454545464
01 0.349375 0.03874999999999999 0.03621951219512198 0.03496951219512195
