14 0.19 0.5449999999999999 0.03998355263157899 0.05248355263157889
03 0.520625 0.3825 0.04374161073825511 0.03999161073825508
06 0.743125 0.06375 0.08620689655172409 0.07995689655172414
06 0.110625 0.7262500000000001 0.10874444444444444 0.1099944444444444
02 0.409375 0.2925 0.04373809523809524 0.059988095238095285
03 0.690625 0.553125 0.05124297752808993 0.0312429775280898
14 0.55375 0.76625 0.017495098039215673 0.09249509803921563
14 0.5237499999999999 0.22125 0.04495689655172408 0.05995689655172412
10 0.615 0.346875 0.039978448275862055 0.028728448275862073
15 0.3675 0.439375 0.022386363636363593 0.03863636363636358
09 0.645 0.65375 0.02498579545454549 0.0499857954545454
