01 0.190625 0.8325 0.046233552631578995 0.03498355263157893
20 0.489375 0.7150000000000001 0.031241610738254988 0.0274916107382549
02 0.339375 0.598125 0.03370689655172415 0.046206896551724164
14 0.18937500000000002 0.32875 0.028744444444444434 0.042494444444444446
03 0.11000297619047619 0.090625 0.03749404761904762 0.04123809523809524
06 0.6325000000000001 0.15749999999999997 0.07249297752808992 0.05749297752808988
02 0.5674999999999999 0.665 0.042495098039215695 0.027495098039215682
05 0.35250000000000004 0.63375 0.04995689655172414 0.02745689655172412
20 0.038125 0.615 0.02372844827586207 0.019978448275862037
00 0.9824999999999999 0.150625 0.024886363636363762 0.018636363636363645
