04 0.925 0.03125 0.057483552631578894 0.04998355263157895
14 0.7093750000000001 0.323125 0.08124161073825487 0.043741610738255055
03 0.53375 0.7025 0.02745689655172423 0.04745689655172414
05 0.279375 0.29875 0.06124444444444441 0.029994444444444435
04 0.700625 0.27437500000000004 0.03873809523809513 0.0437380952380953
04 0.776875 0.471875 0.05624297752808982 0.03874297752808986
04 0.489375 0.15125 0.051245098039215675 0.0499950980392157
08 0.061875 0.854375 0.03620689655172415 0.05870689655172412
20 0.7562500000000001 0.1625 0.039978448275862166 0.03747844827586205
13 0.035 0.334375 0.019886363636363636 0.12363636363636366
18 0.683125 0.725 0.03623579545454536 0.03998579545454528
