04 0.634375 0.8775 0.043733552631578965 0.029983552631578925
03 0.793125 0.236875 0.021241610738254924 0.031241610738255043
08 0.55 0.7418750000000001 0.04745689655172414 0.03120689655172415
20 0.08 0.875 0.01749444444444445 0.01499444444444431
04 0.148125 0.021875 0.046238095238095245 0.036238095238095236
19 0.5487500000000001 0.744375 0.0524929775280899 0.03374297752808986
07 0.14500000000000002 0.9006237745098039 0.0724950980392157 0.0312475490196078
02 0.473125 0.26125 0.041206896551724104 0.04995689655172414
15 0.48 0.445625 0.05247844827586201 0.04872844827586209
12 0.480625 0.29937499999999995 0.051136363636363646 0.05363636363636365
15 0.65125 0.12375 0.054985795454545405 0.07248579545454548
