03 0.45125000000000004 0.4425 0.05498355263157889 0.03248355263157887
08 0.405 0.15812500000000002 0.022491610738255063 0.023741610738255065
20 0.674375 0.6825 0.026206896551724035 0.019956896551724057
01 0.22812500000000002 0.218125 0.016244444444444422 0.018744444444444425
07 0.93625 0.34687500000000004 0.012488095238095132 0.03373809523809529
15 0.6675 0.07625 0.032492977528089884 0.017492977528089898
04 0.13874999999999998 0.45 0.024995098039215707 0.017495098039215673
15 0.255 0.53125 0.0399568965517241 0.02745689655172412
20 0.99 0.195 0.014978448275862144 0.012478448275862059
14 0.105625 0.46125 0.01863636363636363 0.027386363636363598
03 0.166875 0.864375 0.02123579545454546 0.033735795454545414
03 0.631875 0.5862499999999999 0.018719512195121912 0.0399695121951219
03 0.029375 0.98 0.041232142857142856 0.022482142857142895
