04 0.136875 0.030000000000000002 0.01623355263157894 0.01748355263157895
09 0.690625 0.164375 0.028741610738254875 0.033741610738255046
07 0.8518642241379311 0.909989224137931 0.05622844827586204 0.03497844827586205
08 0.8987499999999999 0.104375 0.009994444444444306 0.038744444444444456
14 0.81375 0.6737500000000001 0.02998809523809509 0.02248809523809514
07 0.1425 0.951875 0.08749297752808988 0.0312429775280898
07 0.6099987745098039 0.743125 0.022497549019607876 0.02624509803921571
06 0.5856357758620689 0.133125 0.03872844827586208 0.028706896551724134
15 0.874375 0.665625 0.008728448275862277 0.011228448275862224
05 0.2525 0.589375 0.02738636363636368 0.018636363636363562
07 0.663125 0.6775 0.013735795454545285 0.029985795454545272
