06 0.23062500000000002 0.78625 0.02873355263157898 0.019983552631578805
03 0.049375 0.18375000000000002 0.021241610738255028 0.029991610738255042
06 0.448125 0.660625 0.08120689655172408 0.016206896551724137
15 0.8525 0.213125 0.022494444444444373 0.028744444444444434
04 0.531875 0.38875 0.01873809523809533 0.02248809523809525
12 0.503125 0.683125 0.03374297752808986 0.0312429775280898
03 0.8474999999999999 0.2175 0.01999509803921573 0.027495098039215682
06 0.95625 0.200625 0.019956896551724168 0.016206896551724137
12 0.538125 0.9725 0.03122844827586213 0.03497844827586216
18 0.71375 0.08625 0.01738636363636381 0.019886363636363633
20 0.444375 0.235 0.016235795454545454 0.014985795454545453
