06 0.03937911184210526 0.306875 0.018741776315789476 0.008733552631578989
09 0.3075 0.681875 0.034991610738255075 0.013741610738254861
11 0.273125 0.39875 0.023706896551724088 0.019956896551724168
18 0.58125 0.6875 0.014994444444444421 0.017494444444444257
03 0.49812500000000004 0.826875 0.02373809523809528 0.02623809523809517
06 0.24125000000000002 0.5193749999999999 0.01499297752808984 0.03374297752808986
05 0.6368750000000001 0.704375 0.013745098039215642 0.03374509803921566
14 0.615 0.835 0.029956896551724066 0.022456896551724115
07 0.563125 0.32125000000000004 0.03872844827586208 0.009978448275862084
06 0.880625 0.733125 0.013636363636363669 0.06863636363636372
