01 0.644375 0.891875 0.016233552631578885 0.013733552631578938
08 0.8006249999999999 0.171875 0.018741610738254866 0.03874161073825505
03 0.62875 0.35 0.014956896551724164 0.02745689655172412
15 0.4375 0.5625 0.02499444444444454 0.0374944444444445
03 0.829375 0.805625 0.028738095238095118 0.031238095238095176
07 0.19812324438202245 0.6793750000000001 0.07374648876404491 0.07374297752808989
05 0.36312500000000003 0.20750000000000002 0.02874509803921571 0.022495098039215705
14 0.9043749999999999 0.9075 0.03120689655172415 0.01745689655172411
04 0.87375 0.901875 0.022478448275862206 0.021228448275862233
15 0.5506249999999999 0.8968750000000001 0.02113636363636362 0.04613636363636375
03 0.49749999999999994 0.7012499999999999 0.02998579545454544 0.04248579545454534
03 0.8025 0.118125 0.03746951219512207 0.01871951219512194
