03 0.41874999999999996 0.625625 0.05498355263157889 0.05623355263157892
08 0.515625 0.12062500000000001 0.021241610738255146 0.031241610738255057
01 0.365625 0.15125 0.016206896551724137 0.014956896551724136
03 0.56 0.6775 0.039994444444444555 0.03249444444444438
09 0.153125 0.34125 0.036238095238095236 0.029988095238095314
15 0.871875 0.49875 0.05124297752808993 0.02749297752808988
07 0.12937500000000002 0.7875 0.053745098039215705 0.02999509803921563
03 0.690625 0.79 0.02120689655172414 0.032456896551724124
08 0.2918803879310345 0.718125 0.028739224137931063 0.02372844827586218
03 0.63625 0.33687500000000004 0.024886363636363762 0.023636363636363622
