12 0.29000000000000004 0.06625 0.03998355263157899 0.04248355263157895
06 0.7350000000000001 0.7775000000000001 0.017491610738254892 0.0274916107382549
06 0.7050000000000001 0.73875 0.019956896551724168 0.0649568965517241
01 0.860625 0.258125 0.04624444444444431 0.03374444444444444
07 0.348125 0.22125 0.05373809523809525 0.017488095238095247
03 0.389375 0.405 0.028742977528089853 0.02249297752808982
10 0.10250000000000001 0.09375 0.027495098039215696 0.02499509803921568
06 0.30374999999999996 0.239375 0.02995689655172412 0.013706896551724135
08 0.39937500000000004 0.114375 0.021228448275862066 0.01372844827586206
07 0.83375 0.64375 0.09238636363636377 0.019886363636363757
20 0.763125 0.509375 0.02873579545454541 0.02873579545454552
00 0.25375 0.2475 0.029969512195121978 0.02246951219512197
20 0.941875 0.7275 0.02873214285714276 0.022482142857142784
