03 0.6487499999999999 0.42000000000000004 0.03248355263157887 0.027483552631578922
00 0.7050000000000001 0.18625 0.029991610738254848 0.027491610738255068
02 0.24 0.89375 0.022456896551724115 0.04495689655172408
12 0.266875 0.59125 0.038744444444444415 0.06749444444444441
03 0.91875 0.3125 0.027488095238095145 0.05998809523809523
18 0.23875000000000002 0.25 0.017492977528089843 0.019992977528089845
02 0.715625 0.7068749999999999 0.05874509803921568 0.05124509803921573
06 0.403125 0.11624999999999999 0.016206896551724137 0.032456896551724124
06 0.7393749999999999 0.5874999999999999 0.05872844827586221 0.024978448275862042
15 0.545 0.790625 0.027386363636363598 0.04113636363636375
14 0.0375 0.073125 0.02498579545454545 0.016235795454545468
03 0.605 0.38625 0.029969512195122006 0.04246951219512196
13 0.680625 0.64 0.0587321428571429 0.02498214285714284
