00 0.45875 0.974375 0.022483552631578918 0.01873355263157883
06 0.51125 0.24125 0.017491610738255003 0.012491610738255055
09 0.254989224137931 0.46 0.03497844827586205 0.02745689655172412
20 0.138125 0.6056250000000001 0.021244444444444455 0.023744444444444457
03 0.330625 0.250625 0.026238095238095283 0.05373809523809525
06 0.71 0.7418750000000001 0.0674929775280898 0.01374297752808984
13 0.215 0.238125 0.022495098039215677 0.10124509803921572
20 0.791875 0.5925 0.016206896551724137 0.012456896551724106
04 0.42374999999999996 0.8843749999999999 0.02247844827586204 0.01622844827586223
13 0.153125 0.576875 0.08613636363636364 0.08863636363636362
15 0.378125 0.736875 0.016235795454545454 0.031235795454545356
06 0.473125 0.63625 0.013719512195121963 0.03246951219512195
20 0.93875 0.229375 0.022482142857142784 0.02373214285714284
14 0.44562500000000005 0.33375 0.023737500000000022 0.012487499999999985
