03 0.5093749999999999 0.69 0.018733552631578942 0.03248355263157887
06 0.721875 0.2649979026845638 0.0637416107382549 0.03499580536912755
14 0.768125 0.761875 0.0337068965517241 0.018706896551724084
12 0.20375 0.763125 0.03499444444444441 0.023744444444444457
03 0.6168750000000001 0.966875 0.01873809523809522 0.01873809523809511
14 0.445 0.760625 0.032492977528089884 0.018742977528089844
05 0.8625 0.921875 0.024995098039215624 0.0162450980392157
02 0.4475 0.9325 0.01745689655172411 0.022456896551724226
12 0.405625 0.66125 0.02622844827586207 0.03497844827586216
12 0.1494034090909091 0.9099999999999999 0.0461931818181818 0.02738636363636371
14 0.06 0.8125 0.039985795454545454 0.019985795454545263
02 0.08625 0.7793749999999999 0.019969512195121955 0.023719512195122028
04 0.885 0.636875 0.02498214285714284 0.026232142857142815
19 0.918125 0.361875 0.02123750000000002 0.011237500000000011
