06 0.33187500000000003 0.4 0.011233552631578936 0.059983552631578896
03 0.66 0.944375 0.022491610738254897 0.01624161073825492
18 0.07125 0.04 0.01995689655172414 0.02245689655172414
20 0.475 0.26625 0.01999444444444448 0.017494444444444424
09 0.199375 0.52875 0.018738095238095276 0.047488095238095274
19 0.78375 0.83 0.027492977528089768 0.029992977528089826
03 0.6912499999999999 0.219375 0.04499509803921564 0.016245098039215672
08 0.85375 0.10375000000000001 0.02745689655172412 0.04745689655172414
20 0.441875 0.569375 0.028728448275862073 0.026228448275862015
12 0.31062499999999993 0.426875 0.03363636363636363 0.0586363636363636
00 0.285625 0.128125 0.018735795454545456 0.021235795454545486
06 0.16187500000000002 0.9606250000000001 0.013719512195121963 0.026219512195121975
06 0.6543749999999999 0.13874999999999998 0.0737321428571428 0.019982142857142865
