03 0.19874999999999998 0.921875 0.044983552631578966 0.07623355263157894
20 0.708125 0.6174999999999999 0.038741610738254995 0.03749161073825513
08 0.30562500000000004 0.09999999999999999 0.05620689655172412 0.07745689655172414
18 0.3325 0.433125 0.039994444444444444 0.04374444444444453
01 0.42625 0.254375 0.05498809523809528 0.03373809523809526
19 0.7818750000000001 0.5387500000000001 0.06624297752808983 0.07499297752808987
10 0.795625 0.5562499999999999 0.04874509803921567 0.052495098039215704
18 0.1825 0.32375 0.04745689655172414 0.04995689655172414
12 0.2650053879310345 0.33875 0.07748922413793105 0.08247844827586204
02 0.06875 0.135 0.062386363636363636 0.12988636363636363
06 0.27249999999999996 0.781875 0.03998579545454545 0.07123579545454528
05 0.021249999999999998 0.485 0.03246951219512195 0.07246951219512199
