00 0.930625 0.236875 0.0362335526315789 0.026233552631578977
03 0.70375 0.18625 0.022491610738254897 0.014991610738255057
08 0.0725 0.420625 0.022456896551724143 0.041206896551724104
13 0.3325 0.70875 0.08499444444444448 0.03249444444444438
01 0.490625 0.250625 0.023738095238095225 0.02123809523809525
09 0.619375 0.20625 0.018742977528089844 0.032492977528089856
06 0.5918749999999999 0.92875 0.028745098039215766 0.06999509803921566
04 0.47187500000000004 0.57125 0.028706896551724148 0.02495689655172406
03 0.46499999999999997 0.406875 0.019978448275862093 0.041228448275862084
20 0.943125 0.499375 0.02113636363636373 0.023636363636363678
