10 0.358125 0.281875 0.028733552631578896 0.02623355263157895
06 0.3025 0.313125 0.02999161073825507 0.04124161073825505
09 0.48 0.308125 0.034956896551724126 0.031206896551724095
06 0.073125 0.44125000000000003 0.09374444444444445 0.044994444444444504
07 0.79625 0.85375 0.03498809523809521 0.04748809523809516
14 0.60625 0.3825 0.032492977528089884 0.05999297752808985
09 0.74875 0.764375 0.09499509803921569 0.031245098039215713
09 0.19501077586206897 0.5925 0.05747844827586207 0.039956896551724075
07 0.42375 0.23125 0.04497844827586206 0.03997844827586208
04 0.185 0.816875 0.042386363636363666 0.04113636363636375
08 0.45562499999999995 0.35562499999999997 0.03373579545454547 0.03373579545454547
11 0.556875 0.51375 0.03621951219512198 0.029969512195122006
10 0.28375 0.090625 0.022482142857142784 0.018732142857142864
