04 0.154375 0.49375 0.018733552631578942 0.027483552631578922
02 0.5800000000000001 0.94 0.012491610738254999 0.017491610738254892
03 0.27625 0.786875 0.03745689655172413 0.04370689655172422
07 0.506875 0.734375 0.03874444444444447 0.023744444444444346
10 0.19624999999999998 0.4475 0.02248809523809528 0.019988095238095305
03 0.6637500000000001 0.080625 0.039992977528089946 0.03624297752808989
04 0.6331249999999999 0.645 0.026245098039215597 0.01999509803921562
08 0.08126077586206897 0.258125 0.03747844827586208 0.031206896551724123
01 0.298125 0.951875 0.018728448275862064 0.01622844827586223
14 0.3175 0.49375 0.04738636363636367 0.03238636363636355
03 0.48875 0.169375 0.024985795454545434 0.03623579545454547
