06 0.41500000000000004 0.956875 0.017483552631578914 0.06623355263157893
08 0.41125 0.064375 0.024991610738255066 0.01624161073825503
03 0.796875 0.6331249999999999 0.04370689655172422 0.028706896551724204
11 0.93625 0.1125 0.027494444444444377 0.022494444444444456
06 0.618125 0.44437499999999996 0.008738095238095211 0.08123809523809528
03 0.479375 0.29875 0.018742977528089844 0.07499297752808987
12 0.796875 0.75875 0.04124509803921561 0.032495098039215686
00 0.854375 0.771875 0.03370689655172421 0.028706896551724093
01 0.723125 0.9356249999999999 0.03372844827586219 0.026228448275862237
12 0.579375 0.96625 0.03613636363636363 0.057386363636363735
