14 0.899375 0.07375 0.016233552631578885 0.03498355263157895
03 0.670625 0.71875 0.01624161073825492 0.042491610738254915
08 0.47623922413793107 0.199375 0.00497844827586208 0.013706896551724135
04 0.22062500000000002 0.714375 0.018744444444444425 0.016244444444444284
12 0.30125 0.11 0.027488095238095256 0.024988095238095226
15 0.14625 0.130625 0.012492977528089894 0.02374297752808989
17 0.38875 0.65875 0.017495098039215673 0.01999509803921573
18 0.0675 0.69625 0.014956896551724143 0.01745689655172411
03 0.185625 0.53625 0.018728448275862064 0.039978448275862055
13 0.54 0.49250000000000005 0.06738636363636363 0.027386363636363653
20 0.319375 0.09375 0.02123579545454546 0.017485795454545455
03 0.290625 0.59625 0.011219512195122017 0.022469512195122054
03 0.1837544642857143 0.170625 0.044991071428571394 0.01873214285714281
08 0.724375 0.08625 0.018737500000000074 0.0424875
