00 0.88625 0.6968749999999999 0.039983552631578934 0.031233552631578898
09 0.659375 0.250625 0.03624161073825494 0.03624161073825505
05 0.6975 0.18562499999999998 0.03745689655172413 0.021206896551724114
02 0.079375 0.515625 0.07374444444444445 0.10874444444444453
10 0.86 0.046875 0.02998809523809509 0.033738095238095234
04 0.325 0.103125 0.04499297752808984 0.03874297752808989
12 0.30562500000000004 0.8425 0.03624509803921566 0.03749509803921569
07 0.500625 0.38375 0.04120689655172405 0.032456896551724124
06 0.43374999999999997 0.430625 0.12997844827586208 0.008728448275862055
15 0.20500000000000002 0.41374999999999995 0.03738636363636369 0.024886363636363595
00 0.7537499999999999 0.756875 0.04248579545454534 0.03623579545454536
18 0.75125 0.081875 0.027469512195121948 0.031219512195121937
03 0.813125 0.859375 0.09873214285714282 0.08873214285714282
03 0.76625 0.35375 0.019987500000000047 0.047487500000000016
