06 0.388125 0.133125 0.013733552631578938 0.023733552631578933
06 0.8918729026845638 0.136875 0.02874580536912752 0.11374161073825505
13 0.056885775862068964 0.44937499999999997 0.08372844827586207 0.023706896551724144
07 0.2112486111111111 0.556875 0.05999722222222223 0.03874444444444447
03 0.5081249999999999 0.483125 0.026238095238095283 0.041238095238095296
00 0.5743750000000001 0.63375 0.036242977528089804 0.02499297752808982
07 0.24 0.88625 0.07499509803921567 0.022495098039215677
06 0.41812499999999997 0.82125 0.041206896551724104 0.07745689655172416
03 0.62625 0.8456250000000001 0.06247844827586213 0.03872844827586219
16 0.34062499999999996 0.20375 0.04363636363636364 0.049886363636363645
06 0.271875 0.058125 0.05873579545454549 0.10623579545454546
07 0.36 0.5875 0.03746951219512196 0.009969512195121988
