03 0.578125 0.17375000000000002 0.023733552631578947 0.00998355263157899
03 0.44062500000000004 0.921875 0.033741610738255046 0.0537416107382549
07 0.5625 0.754375 0.009956896551724048 0.0387068965517241
13 0.601875 0.4625 0.016244444444444506 0.05749444444444446
06 0.5337529761904762 0.35062499999999996 0.05499404761904769 0.0437380952380953
05 0.7825 0.8825000000000001 0.03499297752808983 0.022492977528089875
03 0.7931250000000001 0.46875 0.05124509803921573 0.017495098039215673
01 0.14250000000000002 0.640625 0.017456896551724138 0.016206896551724137
04 0.81875 0.920625 0.024978448275862153 0.018728448275862175
03 0.374375 0.370625 0.033636363636363575 0.05113636363636359
18 0.76125 0.50375 0.019985795454545263 0.022485795454545487
18 0.8 0.51875 0.022469512195122054 0.024969512195122
05 0.4012455357142857 0.093125 0.029991071428571436 0.02623214285714287
02 0.671875 0.8712500000000001 0.03123750000000003 0.05998749999999997
