07 0.25687499999999996 0.576875 0.09373355263157895 0.033733552631578956
15 0.416875 0.55375 0.01624161073825503 0.034991610738255075
08 0.17375 0.15 0.034956896551724126 0.04245689655172413
03 0.624375 0.885 0.02874444444444446 0.027494444444444266
03 0.8475 0.46499999999999997 0.0399880952380951 0.049988095238095276
03 0.6568750000000001 0.4275 0.03374297752808986 0.06749297752808986
02 0.78375 0.8574999999999999 0.032495098039215686 0.024995098039215624
01 0.3075 0.825 0.024956896551724173 0.019956896551724168
12 0.75125 0.0325 0.05747844827586224 0.05497844827586207
06 0.5150284090909091 0.14875000000000002 0.07244318181818182 0.08238636363636366
03 0.216875 0.611875 0.03373579545454547 0.06873579545454533
