04 0.29125 0.30125 0.034983552631578985 0.027483552631578978
02 0.119375 0.41 0.06374161073825504 0.06249161073825504
00 0.478125 0.468125 0.031206896551724095 0.023706896551724144
08 0.825625 0.5793736111111112 0.06624444444444444 0.041247222222222324
06 0.6406279761904762 0.49625 0.08624404761904758 0.06748809523809529
04 0.489375 0.445 0.03874297752808986 0.03499297752808983
06 0.8512500000000001 0.736875 0.014995098039215615 0.09624509803921566
03 0.09687499999999999 0.833125 0.021206896551724128 0.053706896551724226
03 0.156875 0.32875 0.03372844827586205 0.03747844827586205
12 0.84375 0.763125 0.039886363636363775 0.03863636363636369
09 0.586875 0.583125 0.051235795454545485 0.04373579545454542
