09 0.10625000000000001 0.235625 0.024983552631578934 0.02873355263157895
10 0.41312499999999996 0.5625 0.02874161073825504 0.027491610738255012
06 0.41125 0.78375 0.06745689655172415 0.059956896551724204
12 0.42500000000000004 0.21875 0.02999444444444449 0.0524944444444444
01 0.87625 0.791875 0.014988095238095078 0.016238095238095163
18 0.6487499999999999 0.27125 0.019992977528089928 0.022492977528089875
17 0.16062622549019606 0.266875 0.028747549019607826 0.033745098039215715
03 0.371875 0.78 0.0337068965517241 0.02745689655172412
08 0.258125 0.69375 0.021228448275862094 0.05247844827586223
03 0.731875 0.464375 0.021136363636363842 0.05363636363636359
04 0.26875 0.954375 0.03248579545454544 0.0287357954545453
08 0.7375 0.215 0.014969512195121992 0.014969512195121992
