00 0.7462500000000001 0.061875 0.029983552631578925 0.02873355263157895
06 0.515625 0.9225 0.03624161073825505 0.0849916107382549
12 0.520625 0.88125 0.03120689655172404 0.057456896551724146
10 0.246875 0.8525 0.023744444444444457 0.017494444444444368
03 0.139375 0.47750000000000004 0.02873809523809523 0.022488095238095307
03 0.96625 0.45687500000000003 0.01749297752808976 0.01624297752808984
12 0.47250000000000003 0.3075 0.029995098039215684 0.03499509803921569
03 0.735 0.16749999999999998 0.019956896551724057 0.017456896551724138
03 0.459375 0.14375 0.02622844827586207 0.03497844827586208
12 0.495625 0.14 0.04363636363636364 0.049886363636363645
08 0.97875 0.229375 0.01498579545454537 0.013735795454545452
03 0.82875 0.8418749999999999 0.02746951219512206 0.043719512195122046
