14 0.185 0.9256249999999999 0.05748355263157898 0.018733552631578942
13 0.3625 0.58 0.02999161073825507 0.10999161073825503
18 0.9750000000000001 0.8775 0.022456896551724115 0.02495689655172406
07 0.4325 0.5281236111111112 0.047494444444444506 0.09874722222222221
09 0.37875000000000003 0.285625 0.029988095238095258 0.06623809523809526
19 0.11249999999999999 0.178125 0.03249297752808987 0.02624297752808985
00 0.698125 0.096875 0.031245098039215602 0.031245098039215685
03 0.28125 0.47875 0.022456896551724115 0.022456896551724115
10 0.7749999999999999 0.9237500000000001 0.03747844827586222 0.024978448275862264
08 0.370625 0.6018749999999999 0.0611363636363636 0.023636363636363567
10 0.963125 0.070625 0.04373579545454531 0.033735795454545456
10 0.54625 0.374375 0.02746951219512206 0.028719512195121977
08 0.76875 0.69 0.039982142857142855 0.03748214285714291
