14 0.90125 0.1375 0.052483552631579 0.07998355263157897
20 0.28375 0.12437499999999999 0.052491610738255035 0.04374161073825504
20 0.18625 0.950625 0.03995689655172413 0.028706896551724204
18 0.11750000000000001 0.40249999999999997 0.042494444444444474 0.044994444444444504
00 0.09437500000000001 0.62125 0.07873809523809525 0.07498809523809524
20 0.344375 0.0825 0.05624297752808988 0.05499297752808988
14 0.266875 0.156875 0.061245098039215684 0.08624509803921568
06 0.31875 0.084375 0.05745689655172409 0.02370689655172413
16 0.240625 0.22999999999999998 0.06872844827586205 0.10247844827586206
03 0.2425 0.895 0.1148863636363637 0.11238636363636378
03 0.54125 0.45125 0.03498579545454539 0.05248579545454546
