13 0.615 0.43437499999999996 0.1399835526315789 0.1012335526315789
11 0.236875 0.250625 0.031241610738255043 0.02624161073825504
03 0.84375 0.48875 0.049956896551724084 0.04495689655172419
13 0.035625000000000004 0.22249999999999998 0.056244444444444444 0.09749444444444441
20 0.105 0.461875 0.027488095238095228 0.026238095238095283
07 0.08374999999999999 0.3775 0.04249297752808988 0.10499297752808989
03 0.674375 0.52125 0.026245098039215597 0.034995098039215744
06 0.17875000000000002 0.5025 0.014956896551724136 0.029956896551724177
20 0.7 0.6056250000000001 0.01997844827586215 0.021228448275862122
03 0.20375 0.042499999999999996 0.03988636363636369 0.047386363636363636
