20 0.115625 0.931875 0.031233552631578954 0.033733552631578956
06 0.63625 0.5093749999999999 0.032491610738254906 0.018741610738255088
03 0.485625 0.354375 0.11120689655172411 0.036206896551724155
13 0.6343749999999999 0.745 0.09124444444444435 0.07999444444444426
05 0.291875 0.586875 0.041238095238095296 0.023738095238095336
15 0.71875 0.556875 0.04499297752808995 0.053742977528089764
20 0.0575 0.7949999999999999 0.01999509803921569 0.01999509803921573
12 0.08625 0.67125 0.07245689655172413 0.04495689655172419
11 0.3025 0.798125 0.039978448275862055 0.03122844827586224
12 0.67 0.11750000000000001 0.04238636363636372 0.04238636363636364
17 0.251875 0.7175 0.051235795454545485 0.04998579545454529
00 0.250625 0.87 0.028719512195122004 0.02496951219512189
