06 0.749375 0.1325 0.043733552631578965 0.014983552631578939
18 0.8525 0.9 0.022491610738254897 0.024991610738254844
16 0.849375 0.09625 0.036206896551724155 0.05745689655172413
14 0.2875 0.1275 0.03999444444444439 0.019994444444444467
00 0.339375 0.784375 0.028738095238095285 0.021238095238095167
01 0.20625 0.931875 0.022492977528089847 0.01374297752808984
13 0.115 0.161875 0.2199950980392157 0.06874509803921569
20 0.67875 0.48812500000000003 0.019956896551724168 0.01870689655172414
04 0.708125 0.9412499999999999 0.036228448275862135 0.02747844827586221
13 0.815625 0.2 0.09863636363636374 0.05738636363636365
