05 0.259375 0.585 0.013733552631578994 0.03248355263157887
08 0.713125 0.70625 0.011241610738254915 0.024991610738254955
03 0.27 0.605 0.012456896551724161 0.022456896551724115
02 0.650625 0.13 0.01874444444444434 0.022494444444444456
07 0.041249999999999995 0.691875 0.03248809523809523 0.016238095238095163
04 0.8999999999999999 0.76375 0.022492977528089875 0.01749297752808987
20 0.90375 0.406875 0.014995098039215615 0.013745098039215697
03 0.7112499999999999 0.48812500000000003 0.032456896551724124 0.031206896551724095
03 0.660625 0.849375 0.03872844827586219 0.028728448275862295
18 0.08812500000000001 0.669375 0.013636363636363627 0.016136363636363726
00 0.24 0.1575 0.019985795454545457 0.022485795454545487
03 0.106875 0.3175 0.03121951219512195 0.012469512195121935
11 0.813125 0.230625 0.02373214285714287 0.026232142857142815
