14 0.81625 0.871875 0.03498355263157893 0.031233552631578898
18 0.0975 0.08625000000000001 0.019991610738255047 0.022491610738255036
03 0.130625 0.428125 0.02370689655172413 0.023706896551724144
03 0.935 0.7525 0.03999444444444433 0.017494444444444368
05 0.34125 0.438125 0.019988095238095305 0.041238095238095296
05 0.22499999999999998 0.07375000000000001 0.032492977528089856 0.02499297752808989
00 0.63375 0.355 0.02999509803921574 0.022495098039215677
08 0.25375 0.31123922413793104 0.04745689655172411 0.032478448275862104
18 0.310625 0.328125 0.02372844827586207 0.026228448275862015
03 0.35750000000000004 0.12625 0.04488636363636361 0.02988636363636364
09 0.74625 0.9593750000000001 0.01498579545454537 0.0337357954545453
09 0.473125 0.324375 0.03121951219512198 0.026219512195121975
