18 0.801875 0.58875 0.016233552631578885 0.019983552631578805
02 0.489375 0.935 0.03624161073825505 0.034991610738254963
08 0.1825 0.59375 0.04245689655172413 0.01745689655172411
03 0.46625 0.395625 0.027494444444444488 0.013744444444444504
08 0.244375 0.55375 0.023738095238095253 0.03998809523809521
09 0.139375 0.495625 0.0187429775280899 0.0312429775280898
09 0.474375 0.860625 0.031245098039215713 0.028745098039215655
03 0.4475 0.116875 0.01745689655172411 0.038706896551724115
00 0.105625 0.27625 0.021228448275862066 0.019978448275862037
13 0.303125 0.763125 0.0686363636363636 0.04613636363636375
03 0.673125 0.0875 0.023735795454545294 0.044985795454545466
03 0.8806326219512195 0.46 0.036234756097560994 0.047469512195121966
03 0.931875 0.9575 0.04873214285714278 0.029982142857142846
