03 0.930625 0.896875 0.04123355263157891 0.03873355263157885
03 0.51875 0.141875 0.03249161073825502 0.043741610738255055
03 0.22 0.559375 0.04745689655172414 0.04120689655172416
15 0.424375 0.8775 0.04124444444444453 0.07499444444444425
13 0.325 0.061875 0.02248809523809525 0.033738095238095234
06 0.255625 0.508125 0.01624297752808987 0.08374297752808985
11 0.49250000000000005 0.315 0.0499950980392157 0.0474950980392157
08 0.4575 0.218125 0.022456896551724115 0.07870689655172414
08 0.6893750000000001 0.931875 0.056228448275862264 0.03372844827586219
12 0.913125 0.06375 0.04613636363636375 0.05488636363636363
12 0.865625 0.2425 0.05123579545454526 0.05498579545454549
15 0.130625 0.663125 0.05121951219512193 0.04871951219512194
