08 0.573125 0.30625 0.023733552631578947 0.052483552631578945
15 0.21875 0.96875 0.034991610738255075 0.01999161073825495
04 0.670625 0.4425 0.03120689655172415 0.02745689655172412
03 0.15625 0.74 0.029994444444444435 0.05999444444444435
09 0.1174970238095238 0.714375 0.049994047619047605 0.028738095238095118
02 0.8075 0.37 0.019992977528089817 0.049992977528089844
06 0.05750122549019608 0.53625 0.03749754901960784 0.05499509803921576
14 0.148125 0.104375 0.05370689655172413 0.03870689655172413
14 0.321875 0.47875 0.028728448275862073 0.03497844827586205
15 0.15375 0.49250000000000005 0.037386363636363634 0.017386363636363644
06 0.32375 0.559375 0.0374857954545455 0.02123579545454546
03 0.901875 0.5025000000000001 0.04621951219512199 0.022469512195122
