03 0.891875 0.10500000000000001 0.02123355263157889 0.047483552631578954
01 0.043125 0.2325 0.011241610738255033 0.00749161073825505
20 0.473125 0.61875 0.023706896551724144 0.01745689655172411
18 0.291875 0.825625 0.008744444444444444 0.01124444444444428
03 0.8500000000000001 0.295625 0.03248809523809515 0.026238095238095227
03 0.1975 0.59375 0.042492977528089865 0.014992977528089924
18 0.263125 0.36875 0.013745098039215642 0.01749509803921573
12 0.780625 0.67875 0.026206896551724146 0.02745689655172412
03 0.40437500000000004 0.7893749999999999 0.016228448275862062 0.01622844827586223
13 0.39749999999999996 0.80625 0.01988636363636359 0.06238636363636374
10 0.79625 0.25125 0.02498579545454538 0.024985795454545462
