11 0.9356249999999999 0.264375 0.023733552631578836 0.023733552631579002
02 0.32125000000000004 0.655625 0.027491610738255068 0.028741610738254986
03 0.7518750000000001 0.049375 0.02120689655172414 0.04120689655172413
03 0.234375 0.409375 0.04874444444444445 0.03874444444444447
00 0.37312500000000004 0.41375 0.02373809523809528 0.02248809523809525
11 0.6956249999999999 0.3675 0.03124297752808991 0.02499297752808982
15 0.249375 0.035 0.02624509803921571 0.024995098039215683
20 0.774375 0.06687499999999999 0.016206896551724137 0.011206896551724146
15 0.95 0.5875 0.0174784482758622 0.03747844827586211
10 0.548125 0.14375 0.026136363636363624 0.01988636363636362
04 0.93625 0.185625 0.029985795454545272 0.031235795454545467
03 0.3875 0.024999999999999994 0.057469512195121975 0.032469512195121945
07 0.3593794642857143 0.160625 0.05124107142857143 0.048732142857142835
