14 0.396875 0.5675 0.013733552631578883 0.03248355263157898
03 0.419375 0.895 0.0912416107382551 0.012491610738254888
04 0.8243750000000001 0.48 0.0337068965517241 0.01745689655172411
10 0.793125 0.31625000000000003 0.033744444444444355 0.03249444444444444
06 0.624375 0.4175 0.013738095238095216 0.029988095238095258
03 0.80375 0.22 0.047492977528089786 0.022492977528089875
20 0.30374999999999996 0.13374999999999998 0.01499509803921567 0.012495098039215696
03 0.2475 0.96625 0.04995689655172411 0.039956896551724186
03 0.360625 0.11000000000000001 0.058728448275862044 0.03747844827586207
02 0.950625 0.915 0.02363636363636379 0.057386363636363735
03 0.234375 0.16749999999999998 0.03373579545454544 0.03748579545454547
