03 0.578125 0.628125 0.033733552631578956 0.023733552631578836
01 0.534375 0.656875 0.01624161073825503 0.011241610738254915
07 0.899375 0.6625 0.09120689655172409 0.16245689655172413
12 0.575625 0.925625 0.04624444444444442 0.04624444444444431
03 0.1975 0.8425 0.029988095238095286 0.04998809523809511
03 0.27125 0.391875 0.06749297752808989 0.041242977528089864
06 0.436875 0.19375 0.09374509803921571 0.02499509803921568
08 0.9125 0.7525 0.014956896551724164 0.059956896551724204
02 0.551875 0.056249999999999994 0.053728448275861984 0.04747844827586206
10 0.95375 0.861875 0.039886363636363775 0.04113636363636364
03 0.446875 0.940625 0.05123579545454543 0.04373579545454531
03 0.73125 0.499375 0.024969512195122 0.07121951219512201
05 0.95 0.076875 0.02498214285714284 0.05123214285714286
07 0.8356250000000001 0.2 0.051237499999999936 0.03998750000000001
