08 0.273125 0.35124999999999995 0.06123355263157895 0.017483552631578914
11 0.149375 0.51125 0.031241610738255043 0.03249161073825507
03 0.8206249999999999 0.47750000000000004 0.04120689655172416 0.019956896551724113
10 0.213125 0.40625 0.03624444444444444 0.039994444444444444
03 0.95375 0.059375 0.019988095238095083 0.06123809523809523
18 0.75875 0.055 0.019992977528089817 0.02249297752808989
09 0.6074999999999999 0.023125 0.03499509803921563 0.02124509803921569
10 0.809375 0.10250000000000001 0.0337068965517241 0.027456896551724133
20 0.38875 0.08875 0.012478448275862086 0.00997844827586207
03 0.32875 0.25875 0.022386363636363593 0.039886363636363636
19 0.061875 0.8875 0.031235795454545447 0.04248579545454534
12 0.46375 0.44437499999999996 0.03496951219512201 0.038719512195121986
