20 0.611875 0.35062499999999996 0.018733552631578942 0.01623355263157894
04 0.97 0.53 0.032491610738254906 0.02999161073825507
03 0.823125 0.25375 0.018706896551724084 0.06245689655172412
20 0.864375 0.148125 0.026244444444444293 0.02624444444444446
03 0.6356249999999999 0.918125 0.02873809523809523 0.01873809523809511
04 0.045 0.43437499999999996 0.027492977528089886 0.021242977528089846
03 0.309375 0.349375 0.02624509803921571 0.02624509803921571
03 0.54 0.33625000000000005 0.049956896551724195 0.044956896551724135
02 0.11499999999999999 0.7068749999999999 0.04497844827586206 0.028728448275862184
01 0.5625 0.23249999999999998 0.01738636363636359 0.01488636363636367
16 0.816875 0.13 0.031235795454545356 0.04748579545454547
03 0.52125 0.7262500000000001 0.04996951219512197 0.03246951219512206
08 0.7918750000000001 0.5375000000000001 0.04123214285714283 0.019982142857142837
