03 0.06125 0.13937500000000003 0.08248355263157894 0.07373355263157896
20 0.73125 0.6643749999999999 0.022491610738254897 0.018741610738254866
18 0.625625 0.651875 0.04120689655172405 0.043706896551724106
02 0.585 0.9325 0.0374944444444445 0.029994444444444435
09 0.15937500000000002 0.8431249999999999 0.05123809523809525 0.06373809523809515
04 0.938125 0.59625 0.05874297752808988 0.049992977528089955
03 0.46875 0.35875 0.10249509803921564 0.20499509803921567
15 0.29438577586206893 0.210625 0.0612284482758621 0.026206896551724118
15 0.8531249999999999 0.114375 0.0487284482758622 0.06372844827586206
03 0.9606250000000001 0.59375 0.0486363636363637 0.037386363636363606
03 0.63375 0.0875 0.08248579545454537 0.062485795454545454
08 0.5956250000000001 0.624375 0.07621951219512202 0.08621951219512192
12 0.506875 0.675625 0.061232142857142846 0.0687321428571428
03 0.28500000000000003 0.855 0.07998750000000004 0.05248750000000002
