00 0.629375 0.865 0.016233552631578885 0.014983552631578911
04 0.405 0.96 0.027491610738255068 0.032491610738254906
06 0.890010775862069 0.365 0.01747844827586209 0.024956896551724117
03 0.115 0.3225 0.032494444444444465 0.03249444444444449
10 0.6268750000000001 0.630625 0.013738095238095327 0.013738095238095216
11 0.420625 0.06937499999999999 0.023742977528089904 0.021242977528089887
03 0.390625 0.065625 0.006245098039215691 0.026245098039215688
03 0.426875 0.5375000000000001 0.0387068965517241 0.019956896551724168
03 0.9431303879310344 0.80125 0.026239224137931116 0.032478448275862215
11 0.318125 0.37375 0.026136363636363624 0.01988636363636359
03 0.3106285511363637 0.896875 0.05874289772727276 0.01873579545454529
03 0.4731173780487805 0.766875 0.023734756097560983 0.016219512195121966
07 0.503125 0.9381250000000001 0.03623214285714288 0.03123214285714282
