01 0.16000000000000003 0.9675 0.032483552631578955 0.03248355263157887
20 0.190625 0.403125 0.01874161073825506 0.01624161073825503
03 0.404375 0.396875 0.03120689655172415 0.05370689655172417
03 0.548125 0.6425 0.0687444444444445 0.029994444444444435
04 0.96375 0.354375 0.037488095238095154 0.03623809523809529
08 0.436875 0.8325 0.03874297752808986 0.03749297752808989
03 0.949375 0.696875 0.04874509803921567 0.028745098039215655
01 0.879375 0.549375 0.036206896551724155 0.03120689655172415
05 0.25875000000000004 0.506875 0.04247844827586206 0.02622844827586207
15 0.101875 0.133125 0.03613636363636363 0.07863636363636364
01 0.48 0.17625000000000002 0.019985795454545485 0.019985795454545457
20 0.13 0.555625 0.03246951219512195 0.03121951219512198
15 0.54125 0.47 0.019982142857142837 0.062482142857142875
03 0.45875 0.014375 0.04998750000000002 0.016237500000000002
