04 0.16250000000000003 0.584375 0.029983552631578952 0.026233552631578894
03 0.0825 0.07437500000000001 0.03999161073825505 0.05124161073825504
08 0.5175 0.78375 0.03745689655172407 0.019956896551724168
08 0.87375 0.544375 0.02499444444444432 0.028744444444444572
18 0.846875 0.2375 0.021238095238095167 0.02248809523809528
11 0.67625 0.566875 0.02749297752808988 0.02124297752808979
08 0.653125 0.82125 0.018745098039215757 0.022495098039215677
03 0.429375 0.593125 0.023706896551724088 0.03370689655172421
08 0.7806249999999999 0.22499999999999998 0.03872844827586219 0.019978448275862065
13 0.2275 0.6262500000000001 0.05738636363636368 0.10738636363636367
03 0.175625 0.415625 0.051235795454545485 0.02123579545454546
10 0.1825 0.76125 0.037469512195121984 0.03496951219512201
