03 0.7875000000000001 0.49 0.039983552631578934 0.03998355263157888
04 0.7537499999999999 0.208125 0.029991610738254848 0.02624161073825504
13 0.09062499999999998 0.819375 0.09870689655172413 0.036206896551724155
06 0.4075 0.56375 0.024994444444444486 0.08499444444444448
03 0.39625 0.778125 0.05748809523809528 0.03873809523809513
03 0.420625 0.389375 0.023742977528089904 0.02624297752808985
13 0.23375 0.8500000000000001 0.032495098039215714 0.07249509803921572
07 0.198125 0.8968750000000001 0.053706896551724115 0.03120689655172415
03 0.48875 0.9125 0.029978448275862046 0.042478448275862224
04 0.7975 0.966875 0.03238636363636371 0.03113636363636374
