06 0.455 0.73 0.057483552631578894 0.02498355263157892
03 0.52625 0.356875 0.04249161073825514 0.028741610738255097
03 0.08625 0.02125 0.014956896551724136 0.03245689655172414
08 0.811875 0.5725 0.016244444444444284 0.039994444444444444
14 0.27937500000000004 0.411875 0.018738095238095276 0.018738095238095276
01 0.9225 0.38125 0.014992977528089924 0.014992977528089868
07 0.506875 0.5775 0.043745098039215724 0.049995098039215646
00 0.90875 0.424375 0.022456896551724115 0.016206896551724137
01 0.828125 0.049375 0.011228448275862224 0.011228448275862064
03 0.25375000000000003 0.375 0.0723863636363637 0.01738636363636359
08 0.611875 0.8124964488636364 0.023735795454545516 0.04749289772727272
11 0.7068749999999999 0.7093750000000001 0.023719512195122028 0.016219512195121966
04 0.8356250000000001 0.40125 0.023732142857142757 0.02248214285714284
11 0.22 0.515625 0.024987499999999996 0.023737499999999967
