19 0.5075000000000001 0.501875 0.03748355263157893 0.026233552631578838
01 0.18937500000000002 0.640625 0.02874161073825507 0.02374161073825498
11 0.674375 0.11687499999999999 0.036206896551724044 0.033706896551724125
03 0.9125 0.11625 0.03249444444444438 0.029994444444444462
09 0.03375 0.483125 0.02248809523809523 0.036238095238095236
03 0.89125 0.5431250000000001 0.03749297752808989 0.043742977528089866
15 0.131875 0.463125 0.0312450980392157 0.02624509803921571
07 0.14125 0.138125 0.15745689655172415 0.09120689655172413
03 0.436875 0.5975 0.03872844827586208 0.019978448275862037
03 0.5487500000000001 0.35062499999999996 0.05238636363636362 0.018636363636363618
03 0.43 0.33375 0.01498579545454548 0.0349857954545455
18 0.734375 0.07125 0.02121951219512197 0.02496951219512194
01 0.5762499999999999 0.1925 0.01748214285714289 0.017482142857142835
07 0.8243750000000001 0.43937499999999996 0.03873749999999998 0.04373750000000004
