03 0.0775 0.9862500000000001 0.019983552631578944 0.027483552631578978
03 0.418125 0.21000000000000002 0.03624161073825505 0.04749161073825506
15 0.9275 0.08748922413793103 0.02745689655172412 0.019978448275862065
07 0.9025013888888889 0.9875 0.02999722222222212 0.017494444444444368
12 0.546875 0.51875 0.03873809523809535 0.04498809523809527
11 0.968125 0.7112499999999999 0.036242977528089915 0.027492977528089768
20 0.5762499999999999 0.22062500000000002 0.022495098039215677 0.02374509803921568
01 0.234375 0.41375 0.016206896551724137 0.012456896551724106
02 0.6725 0.818125 0.024978448275862153 0.03872844827586219
05 0.291875 0.31 0.028636363636363682 0.019886363636363646
03 0.53125 0.6112500000000001 0.01498579545454537 0.027485795454545436
