05 0.09687499999999999 0.6387499999999999 0.04123355263157895 0.05998355263157895
05 0.38375 0.42375 0.05749161073825504 0.02999161073825507
10 0.544375 0.150625 0.05620689655172406 0.04120689655172413
02 0.7012499999999999 0.378125 0.014994444444444421 0.03874444444444447
03 0.8106249999999999 0.764375 0.0662380952380951 0.09623809523809512
03 0.6625000000000001 0.163125 0.10749297752808984 0.08374297752808986
08 0.73875 0.11812500000000001 0.01999509803921562 0.0637450980392157
03 0.380625 0.6643749999999999 0.06120689655172412 0.0337068965517241
02 0.516875 0.11125 0.038728448275862026 0.03747844827586208
08 0.27312499999999995 0.79625 0.02613636363636368 0.06488636363636369
10 0.279375 0.5393749999999999 0.07123579545454548 0.04623579545454548
03 0.86625 0.24 0.06496951219512204 0.027469512195121948
09 0.235 0.756875 0.05498214285714284 0.03873214285714288
03 0.285 0.203125 0.07248750000000001 0.04873749999999999
