06 0.72375 0.9625 0.017483552631578858 0.014983552631578911
04 0.918125 0.91875 0.031241610738254932 0.022491610738254897
01 0.5475 0.506875 0.019956896551724057 0.01620689655172408
06 0.728125 0.711875 0.033744444444444355 0.07624444444444434
17 0.151875 0.8075 0.026238095238095227 0.02998809523809509
01 0.929375 0.6074999999999999 0.018742977528089844 0.019992977528089928
03 0.728751225490196 0.329375 0.022497549019607876 0.07374509803921564
19 0.26125 0.4 0.02995689655172412 0.019956896551724113
19 0.03375 0.593125 0.029978448275862067 0.02122844827586201
13 0.813125 0.251875 0.06613636363636366 0.028636363636363682
08 0.9075 0.794375 0.012485795454545312 0.016235795454545232
