20 0.51125 0.40937500000000004 0.034983552631578874 0.0337335526315789
03 0.7224999999999999 0.5606249999999999 0.10249161073825486 0.04124161073825505
03 0.5075000000000001 0.29875 0.017456896551724166 0.05245689655172414
06 0.08375 0.9768749999999999 0.022494444444444456 0.031244444444444297
20 0.8574999999999999 0.8143750000000001 0.034988095238095096 0.031238095238095176
04 0.20375 0.22625 0.03999297752808986 0.03499297752808986
06 0.215 0.628125 0.12499509803921566 0.04124509803921572
05 0.77625 0.9606250000000001 0.024956896551724173 0.04120689655172416
06 0.45999999999999996 0.754375 0.09997844827586205 0.0487284482758622
03 0.268125 0.448125 0.026136363636363624 0.018636363636363562
18 0.083125 0.8031250000000001 0.028735795454545465 0.031235795454545356
06 0.7175 0.371875 0.06746951219512198 0.06621951219512201
03 0.9093705357142857 0.10125 0.028741071428571408 0.08998214285714284
03 0.40875 0.6331249999999999 0.06248750000000003 0.04623750000000004
