01 0.11000000000000001 0.028750000000000005 0.03498355263157894 0.027483552631578954
20 0.3175 0.889375 0.01999161073825506 0.01624161073825492
14 0.580625 0.193125 0.028706896551724204 0.021206896551724114
15 0.375625 0.34 0.026244444444444515 0.03249444444444449
03 0.8925 0.48875 0.05998809523809512 0.03498809523809526
12 0.46499999999999997 0.46125 0.05749297752808985 0.05499297752808985
03 0.6487499999999999 0.596875 0.024995098039215624 0.028745098039215766
01 0.458125 0.7593749999999999 0.0387068965517241 0.0337068965517241
13 0.7306250000000001 0.134375 0.10122844827586219 0.07872844827586206
20 0.8975 0.534375 0.022386363636363704 0.023636363636363567
03 0.910625 0.89125 0.03623579545454536 0.037485795454545334
03 0.26375000000000004 0.88125 0.03246951219512201 0.04246951219512196
03 0.065 0.6856249999999999 0.02748214285714285 0.023732142857142757
