12 0.22875 0.961875 0.03498355263157896 0.0362335526315789
15 0.5425 0.921875 0.027491610738255012 0.013741610738254861
03 0.42375 0.10250000000000001 0.01745689655172411 0.017456896551724124
03 0.14125 0.069375 0.022494444444444456 0.03624444444444445
04 0.309375 0.20375 0.031238095238095287 0.03498809523809529
06 0.7525 0.8600000000000001 0.03749297752808978 0.08499297752808987
06 0.7575000000000001 0.938125 0.032495098039215686 0.013745098039215753
02 0.30376077586206895 0.9456249999999999 0.029978448275862046 0.03870689655172421
14 0.280625 0.08937500000000001 0.02622844827586207 0.03872844827586207
03 0.78 0.836875 0.03488636363636377 0.0486363636363637
04 0.45125000000000004 0.7068749999999999 0.032485795454545496 0.021235795454545348
08 0.675625 0.3925 0.04121951219512199 0.014969512195121992
02 0.221875 0.224375 0.03373214285714285 0.028732142857142845
18 0.015000000000000001 0.95625 0.017487500000000003 0.019987499999999936
