03 0.065 0.723125 0.01748355263157895 0.013733552631578938
20 0.839375 0.30000000000000004 0.021241610738254924 0.022491610738255063
20 0.08187499999999999 0.35562499999999997 0.016206896551724137 0.013706896551724135
18 0.469375 0.15375 0.013744444444444504 0.01749444444444445
15 0.72 0.7 0.0399880952380951 0.03248809523809515
18 0.88375 0.475 0.014992977528089813 0.017492977528089815
03 0.598125 0.874375 0.011245098039215695 0.038745098039215664
01 0.12312499999999998 0.56625 0.016206896551724123 0.01745689655172411
03 0.228125 0.54375 0.01372844827586206 0.01747844827586198
15 0.304375 0.83125 0.013636363636363669 0.024886363636363762
06 0.7625 0.22875 0.007485795454545308 0.024985795454545462
08 0.1875 0.31375 0.017469512195121994 0.01996951219512194
