15 0.36375 0.4225 0.057483552631578894 0.04248355263157888
06 0.559375 0.66875 0.021241610738255035 0.10499161073825491
03 0.183125 0.2125 0.07370689655172413 0.032456896551724124
08 0.19374999999999998 0.47624999999999995 0.04749444444444442 0.024994444444444486
14 0.09375 0.405625 0.07748809523809524 0.026238095238095283
20 0.7025 0.438125 0.02749297752808988 0.023742977528089848
01 0.44875 0.16999999999999998 0.02499509803921568 0.022495098039215705
03 0.401875 0.43374999999999997 0.02120689655172414 0.02995689655172412
03 0.15561961206896552 0.67875 0.03123922413793101 0.032478448275862215
18 0.476875 0.41312499999999996 0.023636363636363567 0.02613636363636357
03 0.67375 0.834375 0.037485795454545334 0.026235795454545352
20 0.644375 0.28875 0.03121951219512198 0.022469512195121943
