15 0.489375 0.14937499999999998 0.02123355263157889 0.02373355263157892
09 0.8125 0.33687500000000004 0.032491610738254906 0.02874161073825504
03 0.36312500000000003 0.87 0.03370689655172415 0.02745689655172412
14 0.5349999999999999 0.3725 0.029994444444444546 0.02499444444444454
08 0.92 0.5024970238095239 0.05998809523809512 0.04499404761904768
09 0.364375 0.155625 0.016242977528089897 0.026242977528089878
13 0.239375 0.786875 0.0787450980392157 0.021245098039215704
09 0.580625 0.41125 0.018706896551724195 0.02745689655172412
18 0.339375 0.788125 0.016228448275862062 0.018728448275862175
03 0.47250000000000003 0.78625 0.017386363636363644 0.029886363636363766
15 0.6925 0.34562499999999996 0.01498579545454537 0.013735795454545452
03 0.27437500000000004 0.705625 0.028719512195121977 0.013719512195122019
