04 0.7 0.423125 0.02498355263157892 0.028733552631578896
09 0.21437499999999998 0.37375 0.026241610738255067 0.027491610738255068
11 0.6925 0.065 0.022456896551724226 0.017456896551724145
15 0.44875 0.21437499999999998 0.02999444444444449 0.016244444444444422
20 0.6725 0.685 0.01498809523809519 0.012488095238095132
01 0.11812500000000001 0.5974999999999999 0.016242977528089897 0.014992977528089813
03 0.17875 0.18937377450980392 0.027495098039215682 0.04624754901960784
18 0.423125 0.6956249999999999 0.01620689655172408 0.018706896551724195
01 0.755 0.87375 0.024978448275862153 0.014978448275862255
04 0.21375 0.06 0.019886363636363674 0.012386363636363633
13 0.5462499999999999 0.1925 0.047485795454545454 0.08498579545454546
