18 0.9375 0.47875 0.019983552631578805 0.022483552631578918
07 0.969375 0.549375 0.013741610738254861 0.03624161073825505
06 0.834375 0.538125 0.008706896551724075 0.023706896551724088
02 0.33375 0.170625 0.02999444444444449 0.06374444444444444
20 0.081875 0.9512499999999999 0.02873809523809523 0.024988095238095087
10 0.11875 0.159375 0.024992977528089877 0.023742977528089848
03 0.879375 0.871875 0.023745098039215762 0.04874509803921567
14 0.15812500000000002 0.019999999999999997 0.04120689655172413 0.022456896551724136
01 0.346875 0.8400000000000001 0.018728448275862064 0.014978448275862255
08 0.14252840909090908 0.889375 0.042443181818181824 0.05113636363636376
15 0.041249999999999995 0.639375 0.039985795454545454 0.04373579545454531
11 0.5231250000000001 0.57875 0.026219512195121975 0.02746951219512206
07 0.165625 0.76 0.07623214285714286 0.0374821428571428
02 0.9143749999999999 0.865 0.026237500000000025 0.0324875
