08 0.9512499999999999 0.8206249999999999 0.019983552631578916 0.016233552631578996
18 0.9468749999999999 0.251875 0.018741610738254866 0.021241610738255062
06 0.011875 0.676875 0.021206896551724138 0.10620689655172422
15 0.72375 0.353125 0.029994444444444435 0.038744444444444526
03 0.098125 0.715625 0.06623809523809523 0.06373809523809515
03 0.91625 0.79 0.0474929775280899 0.03749297752808989
03 0.806875 0.51375 0.02624509803921571 0.027495098039215682
20 0.8162499999999999 0.736875 0.019956896551724168 0.02120689655172414
20 0.839375 0.018125000000000002 0.026228448275862237 0.028728448275862073
11 0.52875 0.683125 0.0323863636363636 0.018636363636363784
01 0.6637500000000001 0.608125 0.019985795454545374 0.016235795454545454
03 0.14687499999999998 0.90125 0.016219512195121938 0.029969512195122006
07 0.113125 0.10750000000000001 0.031232142857142875 0.05248214285714288
