04 0.429375 0.5725 0.016233552631578885 0.017483552631578858
07 0.011874999999999998 0.015624999999999998 0.02124161073825503 0.013741610738255031
03 0.3775 0.420625 0.014956896551724164 0.023706896551724144
00 0.16499999999999998 0.693125 0.024994444444444458 0.026244444444444293
08 0.073125 0.11749702380952382 0.02623809523809524 0.012494047619047613
10 0.29625 0.671875 0.019992977528089872 0.02124297752808979
03 0.18375000000000002 0.345 0.012495098039215696 0.01499509803921567
12 0.8999999999999999 0.09937499999999999 0.022456896551724115 0.02370689655172413
11 0.255 0.405625 0.02497844827586207 0.021228448275862066
11 0.97375 0.19 0.022386363636363704 0.019886363636363646
03 0.685 0.493125 0.017485795454545427 0.03623579545454547
03 0.473125 0.944375 0.011219512195121961 0.013719512195122019
20 0.901875 0.020000000000000004 0.02123214285714281 0.02248214285714286
