07 0.238125 0.09437499999999999 0.031233552631578954 0.04623355263157895
06 0.30874999999999997 0.5775 0.027491610738255068 0.024991610738255066
07 0.2775 0.5762499999999999 0.13245689655172413 0.039956896551724186
13 0.658125 0.428125 0.0837444444444444 0.08624444444444451
01 0.938125 0.43875 0.03623809523809518 0.032488095238095316
04 0.18625000000000003 0.0575 0.029992977528089854 0.029992977528089895
00 0.8756250000000001 0.6018749999999999 0.04374509803921567 0.028745098039215766
19 0.19687500000000002 0.433125 0.04870689655172414 0.041206896551724104
05 0.0375 0.6212500000000001 0.057478448275862064 0.032478448275862104
06 0.670625 0.78375 0.14363636363636367 0.029886363636363655
18 0.09125 0.70875 0.029985795454545452 0.03248579545454533
07 0.53625 0.43375 0.02496951219512189 0.057469512195121975
