20 0.684375 0.669375 0.05373355263157886 0.03873355263157896
16 0.94875 0.86625 0.052491610738254924 0.06999161073825488
15 0.703125 0.5743750000000001 0.04370689655172422 0.07370689655172413
03 0.205625 0.423125 0.061244444444444435 0.031244444444444464
07 0.5375 0.52125 0.06498809523809523 0.06748809523809524
02 0.375625 0.2575 0.028742977528089853 0.05999297752808985
03 0.943125 0.0325 0.06624509803921574 0.042495098039215695
09 0.4775 0.35875 0.04245689655172413 0.06495689655172415
19 0.32625000000000004 0.14875 0.014978448275862088 0.01497844827586206
20 0.71625 0.615 0.032386363636363824 0.022386363636363593
