03 0.85625 0.8674999999999999 0.09998355263157899 0.03248355263157887
16 0.18625 0.6156249999999999 0.05499161073825504 0.056241610738254955
14 0.345 0.711875 0.027456896551724175 0.06370689655172412
03 0.066875 0.39749999999999996 0.053744444444444456 0.05499444444444451
06 0.24375 0.675 0.04498809523809527 0.024988095238095087
18 0.9056249999999999 0.09 0.023742977528089848 0.027492977528089893
03 0.713125 0.895 0.04124509803921561 0.09999509803921569
08 0.370614224137931 0.383125 0.04622844827586209 0.0337068965517241
20 0.958125 0.56625 0.03372844827586219 0.0274784482758621
03 0.938125 0.8425 0.023636363636363678 0.029886363636363766
08 0.6881214488636364 0.566875 0.03624289772727263 0.05373579545454543
