15 0.916875 0.45687500000000003 0.0362335526315789 0.021233552631578945
03 0.27249999999999996 0.586875 0.02499161073825501 0.011241610738255026
01 0.67125 0.3775 0.029956896551724066 0.022456896551724115
06 0.6187499999999999 0.52 0.06749444444444441 0.06499444444444447
14 0.2 0.620625 0.02248809523809528 0.051238095238095194
14 0.75125 0.475625 0.0624929775280898 0.028742977528089853
03 0.521875 0.45687500000000003 0.028745098039215655 0.051245098039215675
06 0.408125 0.25687499999999996 0.026206896551724146 0.02620689655172409
04 0.580625 0.290625 0.03872844827586197 0.041228448275862084
15 0.97125 0.92875 0.022386363636363815 0.06988636363636369
03 0.18375000000000002 0.71 0.03498579545454547 0.03248579545454533
03 0.125625 0.29625 0.03371951219512195 0.06496951219512198
14 0.31125 0.6412500000000001 0.024982142857142786 0.019982142857142837
07 0.026249999999999996 0.02 0.029987499999999993 0.0374875
