03 0.90125 0.778125 0.027483552631578867 0.02873355263157895
11 0.8987499999999999 0.6875 0.029991610738254848 0.027491610738255012
10 0.26249999999999996 0.09687499999999999 0.024956896551724117 0.021206896551724128
06 0.575 0.829375 0.022494444444444484 0.1037444444444443
04 0.981875 0.74 0.031238095238095176 0.02998809523809509
14 0.9425 0.28125 0.01749297752808987 0.0474929775280899
05 0.45125000000000004 0.71625 0.029995098039215684 0.032495098039215686
15 0.666875 0.78375 0.008706896551724075 0.029956896551724177
14 0.5856250000000001 0.839375 0.021228448275862122 0.021228448275862233
03 0.4225 0.41312499999999996 0.06738636363636358 0.03363636363636363
11 0.375625 0.095625 0.03373579545454547 0.02373579545454546
14 0.46187500000000004 0.98 0.038719512195121986 0.024969512195122
11 0.6287499999999999 0.23375 0.03248214285714279 0.02998214285714282
06 0.329375 0.690625 0.09623750000000003 0.036237500000000034
