04 0.7306250000000001 0.149375 0.043733552631578854 0.05123355263157896
06 0.84375 0.701875 0.059991610738254986 0.10624161073825489
03 0.5249999999999999 0.1825 0.022456896551724115 0.057456896551724146
03 0.944375 0.358125 0.07124444444444433 0.0662444444444445
03 0.34875 0.2825 0.03498809523809526 0.06248809523809523
02 0.390625 0.29374999999999996 0.03874297752808986 0.019992977528089872
04 0.33125 0.831875 0.042495098039215695 0.03624509803921572
15 0.284375 0.198125 0.0387068965517241 0.02120689655172414
13 0.385 0.170625 0.13497844827586203 0.02622844827586207
03 0.29312499999999997 0.5943750000000001 0.021136363636363675 0.05363636363636359
14 0.45125000000000004 0.75375 0.07498579545454548 0.0599857954545453
07 0.035007621951219516 0.6331249999999999 0.04248475609756098 0.053719512195122054
20 0.128125 0.6225 0.026232142857142857 0.02498214285714273
