03 0.15125 0.16000000000000003 0.02748355263157895 0.044983552631578966
20 0.6599999999999999 0.43875 0.029991610738254848 0.022491610738255063
06 0.435 0.431875 0.0649568965517241 0.07620689655172413
01 0.608125 0.111875 0.023744444444444457 0.023744444444444457
08 0.551875 0.650625 0.041238095238095296 0.031238095238095176
20 0.053125 0.88375 0.026242977528089892 0.019992977528089817
16 0.64 0.5487500000000001 0.049995098039215646 0.042495098039215695
12 0.7875 0.460625 0.039956896551724075 0.05870689655172412
01 0.835 0.51125 0.042478448275862224 0.042478448275862
15 0.04375 0.613125 0.039886363636363636 0.04863636363636359
20 0.276875 0.6025 0.018735795454545456 0.01498579545454548
20 0.355 0.9575 0.03996951219512196 0.027469512195121948
06 0.32499999999999996 0.120625 0.01248214285714283 0.041232142857142856
08 0.22999999999999998 0.42000000000000004 0.0624875 0.0299875
