11 0.328125 0.5075000000000001 0.02623355263157895 0.029983552631578925
11 0.7112499999999999 0.26187499999999997 0.0274916107382549 0.02124161073825509
07 0.24062499999999998 0.576239224137931 0.08370689655172411 0.0274784482758621
19 0.42875 0.36312500000000003 0.03249444444444449 0.01624444444444445
03 0.16875 0.663125 0.024988095238095254 0.016238095238095163
03 0.6287499999999999 0.745625 0.032492977528089884 0.046242977528089924
20 0.9875 0.181875 0.017495098039215673 0.0162450980392157
02 0.6168750000000001 0.07625 0.028706896551724204 0.04495689655172414
07 0.848125 0.839375 0.03122844827586224 0.028728448275862184
12 0.31375 0.515625 0.04488636363636367 0.03363636363636363
