06 0.30999999999999994 0.40375 0.07498355263157891 0.31998355263157896
11 0.080625 0.83375 0.08374161073825503 0.059991610738254986
04 0.7925 0.138125 0.07995689655172411 0.06620689655172413
02 0.506875 0.619375 0.12374444444444455 0.26374444444444445
12 0.7649999999999999 0.83875 0.09498809523809515 0.09498809523809504
08 0.7831250000000001 0.8356250000000001 0.11874297752808982 0.06124297752808994
13 0.42125 0.4475 0.2874950980392157 0.17999509803921576
05 0.67875 0.123125 0.05245689655172414 0.10620689655172413
20 0.540625 0.125625 0.03872844827586208 0.033728448275862064
02 0.773125 0.8325 0.09363636363636374 0.1523863636363637
