02 0.16687088815789475 0.20125 0.011241776315789487 0.024983552631578976
03 0.79375 0.359375 0.0274916107382549 0.01624161073825503
14 0.60875 0.358125 0.029956896551724066 0.01620689655172408
20 0.675 0.798125 0.014994444444444421 0.016244444444444395
15 0.8768750000000001 0.32999999999999996 0.021238095238095167 0.049988095238095276
09 0.643125 0.46687500000000004 0.016242977528089786 0.021242977528089846
00 0.534375 0.8025 0.021245098039215704 0.022495098039215677
04 0.24 0.95 0.01995689655172414 0.019956896551724168
04 0.6475 0.38 0.0174784482758622 0.01747844827586209
03 0.09875 0.72125 0.01738636363636363 0.022386363636363815
03 0.5618749999999999 0.34875 0.03623579545454547 0.029985795454545494
