07 0.38125 0.026875 0.009983552631578907 0.038733552631578946
11 0.2375 0.43625 0.024991610738255038 0.019991610738255006
03 0.69875 0.09125 0.012456896551724106 0.019956896551724126
03 0.595 0.630625 0.039994444444444444 0.013744444444444559
06 0.8831249999999999 0.338125 0.05623809523809509 0.03623809523809529
07 0.705625 0.6268750000000001 0.018742977528089955 0.023742977528089848
12 0.739375 0.61375 0.04124509803921561 0.05499509803921576
12 0.796875 0.40249999999999997 0.026206896551724146 0.04995689655172414
01 0.513125 0.11375 0.02372844827586207 0.022478448275862067
18 0.50125 0.775 0.01738636363636359 0.019886363636363757
07 0.29000000000000004 0.82125 0.01998579545454543 0.06998579545454531
03 0.628125 0.441875 0.026219512195121975 0.023719512195121972
19 0.4375 0.44 0.02498214285714284 0.02748214285714279
