09 0.2075 0.20625 0.027483552631578978 0.06498355263157898
03 0.8300000000000001 0.03125 0.049991610738254866 0.022491610738255032
03 0.860625 0.385625 0.06370689655172412 0.05120689655172417
03 0.91625 0.568125 0.10249444444444444 0.05624444444444454
15 0.63375 0.628125 0.027488095238095256 0.04873809523809525
20 0.194375 0.385625 0.021242977528089846 0.018742977528089844
08 0.5231250000000001 0.040625 0.03374509803921566 0.03374509803921569
03 0.46562499999999996 0.32125 0.04620689655172411 0.032456896551724124
18 0.3325 0.36 0.029978448275862046 0.03247844827586205
06 0.1675284090909091 0.815 0.09244318181818181 0.09238636363636366
