07 0.505 0.5700000000000001 0.012483552631578965 0.06998355263157896
20 0.885 0.249375 0.01999161073825495 0.016241610738255058
03 0.483125 0.343125 0.046206896551724164 0.028706896551724148
06 0.5275 0.959375 0.07749444444444448 0.023744444444444346
03 0.693125 0.583125 0.021238095238095056 0.02873809523809534
12 0.68125 0.7268749999999999 0.029992977528089826 0.036242977528089804
10 0.48812500000000003 0.89375 0.02124509803921565 0.01999509803921573
20 0.50375 0.30000000000000004 0.019956896551724113 0.019956896551724113
18 0.07875 0.9550000000000001 0.017478448275862063 0.01997844827586215
04 0.285625 0.8999999999999999 0.04363636363636364 0.024886363636363762
03 0.22562500000000002 0.139375 0.016235795454545482 0.028735795454545465
18 0.81625 0.27125 0.019969512195121997 0.022469512195121943
13 0.21125 0.41312499999999996 0.04248214285714283 0.048732142857142835
03 0.059375 0.0225 0.01873749999999999 0.0224875
