12 0.515625 0.653125 0.10373355263157885 0.09623355263157884
15 0.03875 0.36312500000000003 0.03999161073825504 0.05374161073825506
08 0.6425000000000001 0.148125 0.03495689655172407 0.07120689655172413
08 0.75 0.879375 0.07749444444444431 0.03874444444444436
15 0.23500000000000001 0.10624999999999998 0.0699880952380953 0.07248809523809523
01 0.074375 0.8525 0.06624297752808989 0.057492977528089795
01 0.03937500000000001 0.80125 0.043745098039215696 0.027495098039215682
05 0.5375 0.82125 0.05995689655172409 0.07745689655172416
11 0.7825 0.22375 0.07247844827586225 0.04247844827586206
04 0.510625 0.35125 0.0661363636363636 0.047386363636363615
20 0.259375 0.21625 0.038735795454545474 0.03998579545454545
18 0.84 0.85875 0.039969512195122014 0.04246951219512196
