03 0.103125 0.9524999999999999 0.05623355263157896 0.05248355263157889
04 0.666875 0.370625 0.031241610738254932 0.021241610738255035
11 0.484375 0.32875 0.03120689655172415 0.02995689655172412
18 0.756875 0.651875 0.023744444444444346 0.026244444444444404
02 0.906875 0.858125 0.028738095238095118 0.021238095238095167
08 0.13624999999999998 0.9256249999999999 0.014992977528089896 0.0212429775280899
20 0.22875 0.596875 0.0174950980392157 0.0162450980392157
14 0.6443749999999999 0.63625 0.06120689655172418 0.024956896551724173
03 0.4812446120689655 0.24562499999999998 0.04498922413793105 0.04372844827586206
03 0.785625 0.218125 0.04113636363636375 0.041136363636363665
08 0.9075 0.7518714488636363 0.019985795454545374 0.03624289772727263
05 0.195 0.034375 0.03996951219512199 0.02121951219512195
