01 0.6681250000000001 0.08374999999999999 0.018733552631578942 0.019983552631578944
06 0.55375 0.7324999999999999 0.01999161073825506 0.01999161073825484
15 0.323125 0.840625 0.026206896551724146 0.036206896551724044
03 0.07625000000000001 0.056875 0.02999444444444445 0.02124444444444444
18 0.82375 0.25312500000000004 0.01498809523809519 0.018738095238095276
20 0.7725 0.27437500000000004 0.01749297752808987 0.01624297752808984
07 0.7124999999999999 0.676875 0.032495098039215686 0.023745098039215762
06 0.97875 0.436875 0.022456896551724115 0.023706896551724144
15 0.47875 0.4225 0.0274784482758621 0.049978448275862064
03 0.63 0.305625 0.022386363636363704 0.04613636363636364
02 0.731875 0.1225 0.03623579545454525 0.027485795454545478
20 0.18062499999999998 0.5700000000000001 0.016219512195121993 0.014969512195121992
05 0.913125 0.6112500000000001 0.028732142857142873 0.0274821428571429
05 0.2 0.450625 0.029987500000000028 0.023737499999999967
