03 0.21375 0.23875 0.03998355263157899 0.08748355263157898
10 0.06625 0.2475 0.039991610738255044 0.04749161073825503
03 0.053125000000000006 0.50625 0.02120689655172415 0.054956896551724144
15 0.660625 0.34125 0.033744444444444355 0.0424944444444445
08 0.505 0.950625 0.029988095238095314 0.06373809523809515
08 0.665 0.2475 0.02499297752808982 0.049992977528089844
13 0.62375 0.85625 0.07749509803921573 0.08749509803921562
01 0.290625 0.5543750000000001 0.028706896551724148 0.03120689655172415
08 0.05875 0.5037499999999999 0.05497844827586207 0.07747844827586203
14 0.77 0.6775 0.0698863636363638 0.03488636363636366
03 0.294375 0.856875 0.023735795454545516 0.06123579545454538
