17 0.840625 0.31687499999999996 0.02123355263157889 0.023733552631578947
08 0.5275000000000001 0.170625 0.03249161073825502 0.011241610738255026
13 0.103125 0.756875 0.06120689655172412 0.028706896551724093
04 0.6699999999999999 0.39437500000000003 0.019994444444444315 0.021244444444444455
12 0.551875 0.343125 0.02873809523809534 0.026238095238095283
03 0.681875 0.830625 0.02124297752808979 0.0212429775280899
06 0.03875 0.06125 0.05999509803921569 0.027495098039215682
08 0.19125 0.98875 0.01745689655172411 0.012456896551724106
09 0.514375 0.093125 0.02372844827586207 0.04622844827586206
13 0.141875 0.453125 0.04363636363636364 0.02113636363636362
06 0.9568785511363637 0.563125 0.046242897727272636 0.03873579545454553
