07 0.6193708881578948 0.7793749999999999 0.10874177631578952 0.04123355263157891
13 0.5081249999999999 0.210625 0.06624161073825502 0.23624161073825503
12 0.330625 0.460625 0.04870689655172411 0.046206896551724164
09 0.745 0.205625 0.029994444444444435 0.04624444444444442
08 0.114375 0.9025 0.04373809523809524 0.02998809523809509
03 0.02625 0.600625 0.042492977528089886 0.0212429775280899
09 0.34187500000000004 0.526875 0.051245098039215675 0.04124509803921572
18 0.09312499999999999 0.48875 0.028706896551724134 0.03245689655172407
10 0.625 0.34750000000000003 0.03747844827586211 0.029978448275862102
18 0.209375 0.815625 0.031136363636363684 0.0336363636363638
20 0.48750000000000004 0.023750000000000004 0.032485795454545496 0.034985795454545464
