18 0.71625 0.775 0.009983552631578907 0.012483552631578965
09 0.07625 0.68625 0.02749161073825504 0.0274916107382549
20 0.8300000000000001 0.349375 0.019956896551724168 0.016206896551724137
03 0.30375 0.18562499999999998 0.019994444444444426 0.011244444444444418
03 0.778125 0.3825 0.008738095238095211 0.02248809523809525
02 0.875 0.344375 0.04249297752808978 0.018742977528089844
03 0.665 0.65875 0.03749509803921569 0.02999509803921574
12 0.6125 0.08124999999999999 0.039956896551724186 0.03245689655172414
07 0.5975053879310346 0.5781196120689656 0.019989224137931028 0.028739224137931063
18 0.609375 0.630625 0.023636363636363678 0.026136363636363735
