14 0.32875 0.665625 0.039983552631578934 0.05623355263157892
02 0.441875 0.47562499999999996 0.01624161073825503 0.12124161073825501
08 0.273125 0.590625 0.028706896551724093 0.028706896551724204
11 0.95625 0.639375 0.04249444444444428 0.043744444444444475
12 0.5131249999999999 0.9450000000000001 0.08373809523809522 0.05248809523809517
06 0.29125 0.71625 0.014992977528089868 0.15999297752808983
04 0.881875 0.5800000000000001 0.04374509803921567 0.032495098039215686
04 0.806875 0.77875 0.04120689655172405 0.03745689655172413
08 0.88375 0.196875 0.01997844827586215 0.06872844827586205
03 0.471875 0.64625 0.02113636363636362 0.03488636363636366
06 0.665 0.27875 0.03248579545454533 0.06248579545454547
15 0.28625 0.200625 0.03746951219512196 0.04371951219512199
