04 0.643125 0.24687499999999998 0.04873355263157897 0.04123355263157896
03 0.68125 0.135 0.05499161073825487 0.03999161073825505
20 0.18375 0.06937499999999999 0.024956896551724117 0.023706896551724137
08 0.595 0.38875000000000004 0.027494444444444488 0.0974944444444445
12 0.36875 0.12 0.05498809523809528 0.06998809523809524
12 0.279375 0.4075 0.06374297752808986 0.07249297752808986
04 0.23125 0.10125 0.052495098039215704 0.03749509803921569
06 0.645625 0.693125 0.03370689655172421 0.03120689655172404
04 0.84625 0.7268749999999999 0.05247844827586212 0.036228448275862246
03 0.2025 0.663125 0.062386363636363656 0.036136363636363744
06 0.9706250000000001 0.405625 0.04623579545454526 0.13373579545454545
16 0.65875 0.61625 0.05996951219512192 0.07496951219512205
03 0.56 0.041249999999999995 0.03498214285714274 0.05248214285714285
05 0.6 0.094375 0.03498749999999995 0.0587375
