01 0.638125 0.9624999999999999 0.03873355263157896 0.039983552631578934
20 0.3625 0.045 0.03999161073825508 0.027491610738255033
05 0.06 0.810625 0.06495689655172412 0.036206896551724155
04 0.755 0.624375 0.04499444444444434 0.03374444444444458
01 0.72 0.9650000000000001 0.02248809523809514 0.024988095238095087
15 0.3625 0.34125 0.03499297752808983 0.03499297752808983
20 0.8374999999999999 0.36250000000000004 0.052495098039215704 0.03499509803921569
05 0.448125 0.61375 0.036206896551724155 0.0649568965517241
10 0.93625 0.419375 0.03747844827586222 0.03122844827586202
03 0.40812499999999996 0.4075 0.0661363636363636 0.034886363636363604
15 0.5275000000000001 0.50375 0.07748579545454548 0.04998579545454551
01 0.749375 0.605 0.03121951219512198 0.03246951219512195
02 0.91125 0.840625 0.08748214285714284 0.06873214285714291
20 0.1525 0.55125 0.03748750000000001 0.029987500000000056
