06 0.41000000000000003 0.025 0.03748355263157893 0.03748355263157895
17 0.196875 0.5531250000000001 0.02874161073825504 0.031241610738255043
03 0.311875 0.5862499999999999 0.0387068965517241 0.03495689655172407
03 0.200625 0.384375 0.028744444444444406 0.04624444444444448
01 0.615 0.7581249999999999 0.019988095238095305 0.021238095238095167
06 0.05375 0.32999999999999996 0.02249297752808989 0.019992977528089872
16 0.26875 0.969375 0.022495098039215677 0.03374509803921577
02 0.561875 0.5025 0.0387068965517241 0.019956896551724168
14 0.556875 0.426875 0.02372844827586207 0.03122844827586202
00 0.388125 0.59625 0.02863636363636357 0.019886363636363646
11 0.5018750000000001 0.47250000000000003 0.023735795454545516 0.022485795454545487
15 0.8043750000000001 0.2225 0.008719512195121903 0.022469512195122
