08 0.828125 0.7493749999999999 0.01873355263157883 0.02123355263157889
06 0.196875 0.73875 0.03874161073825505 0.022491610738254897
10 0.890625 0.26875 0.02120689655172403 0.01745689655172411
04 0.39375000000000004 0.8525 0.02999444444444449 0.027494444444444377
18 0.21875 0.880625 0.02248809523809525 0.02623809523809517
18 0.6868749999999999 0.840625 0.023742977528089848 0.026242977528089795
03 0.71625 0.82125 0.01999509803921573 0.03499509803921563
03 0.8243750000000001 0.09687499999999999 0.043706896551724106 0.051206896551724126
14 0.82875 0.97 0.024978448275862153 0.01997844827586226
14 0.245 0.49562500000000004 0.0473863636363637 0.03113636363636363
