07 0.56375 0.781875 0.10498355263157888 0.06623355263157893
03 0.318125 0.89125 0.05374161073825506 0.08749161073825484
06 0.16125 0.206875 0.024956896551724117 0.053706896551724115
08 0.07 0.07625000000000001 0.02999444444444445 0.09499444444444445
03 0.6287529761904762 0.37 0.06499404761904759 0.05248809523809528
01 0.5900000000000001 0.6425000000000001 0.03499297752808983 0.019992977528089928
03 0.71875 0.686875 0.12999509803921572 0.07624509803921575
03 0.27125 0.71875 0.12495689655172412 0.02745689655172412
10 0.9375 0.620625 0.042478448275862224 0.03872844827586208
03 0.32562499999999994 0.7649999999999999 0.028636363636363626 0.06738636363636374
