03 0.438125 0.226875 0.016233552631578885 0.02873355263157898
14 0.555625 0.11375 0.02624161073825504 0.032491610738255045
06 0.736875 0.14936422413793105 0.09870689655172404 0.07122844827586207
08 0.71375 0.295625 0.03499444444444433 0.053744444444444484
00 0.595625 0.211875 0.031238095238095287 0.02373809523809528
03 0.745 0.6725 0.057492977528089906 0.019992977528089817
18 0.799375 0.954375 0.02374509803921565 0.02624509803921571
03 0.639375 0.94 0.02120689655172414 0.04245689655172413
20 0.04375 0.24375000000000002 0.022478448275862067 0.01497844827586206
08 0.5237499999999999 0.3375 0.029886363636363655 0.0323863636363636
08 0.181875 0.61375 0.01373579545454548 0.029985795454545494
