09 0.09499999999999999 0.411875 0.029983552631578952 0.0362335526315789
03 0.9724999999999999 0.9675 0.024991610738254955 0.03749161073825491
15 0.973125 0.219375 0.018706896551724084 0.021206896551724114
10 0.903125 0.346875 0.04874444444444437 0.04874444444444448
06 0.495 0.61625 0.03498809523809521 0.04248809523809527
15 0.625625 0.6231249999999999 0.05624297752808993 0.10374297752808992
06 0.1175 0.6675 0.1224950980392157 0.06499509803921566
20 0.2675 0.983125 0.022456896551724115 0.018706896551724084
08 0.5225 0.246875 0.06747844827586208 0.043728448275862086
14 0.270625 0.095625 0.06613636363636366 0.03613636363636363
