03 0.50375 0.7324999999999999 0.017483552631578914 0.009983552631578907
14 0.909375 0.7125 0.01624161073825492 0.02999161073825496
20 0.600625 0.28312499999999996 0.016206896551724137 0.01870689655172414
03 0.6187499999999999 0.737498611111111 0.047494444444444395 0.014997222222222217
06 0.615 0.45499999999999996 0.05248809523809517 0.012488095238095298
03 0.885 0.036250000000000004 0.012492977528089866 0.01749297752808989
18 0.8275 0.29625 0.014995098039215726 0.017495098039215673
02 0.5775 0.359375 0.07245689655172405 0.023706896551724088
01 0.22 0.7518750000000001 0.014978448275862088 0.013728448275862282
03 0.343125 0.674375 0.018636363636363618 0.011136363636363833
07 0.045625 0.5618749999999999 0.031235795454545454 0.016235795454545454
