11 0.09187499999999998 0.848125 0.036233552631578944 0.033733552631578956
07 0.186875 0.365625 0.013741610738255056 0.07374161073825508
13 0.5081249999999999 0.49187499999999995 0.10370689655172416 0.02620689655172409
04 0.276875 0.879375 0.04374444444444442 0.0362444444444443
03 0.035 0.7562500000000001 0.02248809523809523 0.05248809523809517
04 0.410625 0.09875 0.031242977528089855 0.027492977528089893
11 0.5562499999999999 0.614375 0.032495098039215686 0.031245098039215602
15 0.43562500000000004 0.638125 0.03370689655172415 0.043706896551724106
03 0.0375 0.490625 0.034978448275862065 0.018728448275862064
02 0.78125 0.62875 0.05988636363636379 0.02488636363636365
11 0.156875 0.72 0.028735795454545493 0.027485795454545325
03 0.656875 0.893125 0.03871951219512204 0.051219512195121886
07 0.934375 0.683125 0.028732142857142873 0.05623214285714284
