13 0.3 0.665 0.0624835526315789 0.04498355263157894
11 0.250625 0.39875 0.02874161073825507 0.027491610738255012
11 0.410625 0.726875 0.023706896551724144 0.016206896551724137
06 0.4787513888888889 0.484375 0.024997222222222282 0.0687444444444445
12 0.019999999999999997 0.496875 0.027488095238095235 0.0462380952380953
19 0.694375 0.48875 0.01374297752808984 0.02249297752808982
03 0.96625 0.036875000000000005 0.014995098039215615 0.021245098039215683
07 0.24375 0.67125 0.024956896551724117 0.02745689655172412
10 0.168125 0.27 0.018728448275862064 0.017478448275862035
03 0.815625 0.86375 0.036136363636363744 0.019886363636363757
18 0.9725 0.92 0.01498579545454537 0.017485795454545316
