08 0.14750000000000002 0.579375 0.03498355263157896 0.026233552631578894
06 0.74 0.9237500000000001 0.10499161073825491 0.017491610738254892
03 0.10250000000000001 0.606875 0.039956896551724116 0.053706896551724115
03 0.923125 0.83875 0.02874444444444435 0.054994444444444346
10 0.7893749999999999 0.729375 0.031238095238095176 0.023738095238095225
03 0.7206250000000001 0.045 0.011242977528089892 0.03249297752808989
03 0.890625 0.07125000000000001 0.02624509803921571 0.029995098039215698
20 0.126875 0.6174999999999999 0.013706896551724121 0.012456896551724106
15 0.51875 0.7975 0.022478448275862095 0.024978448275862153
09 0.58875 0.053750000000000006 0.037386363636363606 0.03238636363636364
03 0.8218749999999999 0.6875 0.041235795454545365 0.017485795454545316
08 0.779375 0.5393749999999999 0.02121951219512197 0.026219512195121975
15 0.779375 0.7987500000000001 0.05623214285714284 0.0274821428571429
08 0.69125 0.6375 0.0324875 0.04998749999999996
