03 0.27625 0.92125 0.01748355263157897 0.014983552631578911
18 0.658125 0.8831249999999999 0.021241610738254924 0.02374161073825498
01 0.6074999999999999 0.020624999999999998 0.019956896551724168 0.021206896551724135
10 0.05500000000000001 0.43875 0.03749444444444445 0.034994444444444495
18 0.07625000000000001 0.0625 0.017488095238095233 0.01998809523809523
07 0.77125 0.85875 0.039992977528089835 0.09249297752808983
09 0.45875 0.755625 0.032495098039215686 0.056245098039215735
08 0.215 0.205625 0.032456896551724124 0.03870689655172413
12 0.74625 0.30562500000000004 0.03497844827586216 0.038728448275862026
13 0.484375 0.40875 0.03613636363636363 0.04238636363636361
20 0.083125 0.9806250000000001 0.016235795454545454 0.013735795454545285
19 0.2925 0.16 0.022469512195122 0.024969512195121946
