07 0.413125 0.035625000000000004 0.04123355263157891 0.06123355263157895
03 0.915625 0.735 0.056241610738254844 0.06499161073825488
03 0.7324999999999999 0.10062499999999999 0.02495689655172406 0.031206896551724136
03 0.145625 0.69125 0.053744444444444456 0.03249444444444438
07 0.856875 0.6656220238095238 0.048738095238095025 0.021244047619047524
14 0.52125 0.669375 0.039992977528089835 0.023742977528089848
20 0.65625 0.6956249999999999 0.02999509803921563 0.028745098039215766
19 0.749375 0.62375 0.05120689655172406 0.039956896551724075
18 0.8418749999999999 0.85375 0.018728448275862175 0.01997844827586226
13 0.9606250000000001 0.593125 0.0486363636363637 0.20863636363636368
14 0.80875 0.655 0.01498579545454537 0.03248579545454533
01 0.69625 0.0675 0.024969512195122 0.019969512195121948
12 0.320625 0.261875 0.04623214285714283 0.051232142857142865
