07 0.73875 0.453125 0.04248355263157888 0.02123355263157889
06 0.3525 0.5393749999999999 0.07249161073825505 0.013741610738254972
20 0.26 0.365625 0.012456896551724106 0.011206896551724133
03 0.135625 0.475625 0.038744444444444456 0.05124444444444454
06 0.425625 0.216875 0.01123809523809527 0.09123809523809528
03 0.540625 0.74875 0.026242977528089906 0.04249297752808989
07 0.0625 0.930625 0.0449950980392157 0.021245098039215704
08 0.819375 0.86 0.026206896551724146 0.02745689655172412
01 0.40125 0.48875 0.024978448275862042 0.017478448275862035
02 0.9450000000000001 0.140625 0.014886363636363753 0.023636363636363622
10 0.158125 0.149375 0.028735795454545465 0.026235795454545463
20 0.8775 0.435 0.01746951219512194 0.014969512195121992
08 0.629375 0.963125 0.053732142857142895 0.02873214285714276
03 0.0925 0.6793750000000001 0.017487500000000017 0.03873749999999998
