09 0.35062499999999996 0.225625 0.02373355263157889 0.056233552631578976
04 0.75125 0.205625 0.04499161073825486 0.03624161073825505
03 0.8712500000000001 0.9143749999999999 0.03495689655172407 0.03870689655172421
09 0.60375 0.1825 0.03499444444444455 0.02499444444444443
03 0.06625 0.956875 0.03248809523809524 0.01873809523809511
14 0.179375 0.755625 0.043742977528089894 0.0312429775280898
00 0.09125 0.8775 0.032495098039215686 0.02999509803921574
06 0.9450107758620689 0.5325 0.024978448275862042 0.08495689655172417
20 0.72 0.538125 0.029978448275862157 0.03122844827586213
03 0.634375 0.87625 0.023636363636363678 0.06988636363636369
15 0.08625000000000001 0.411875 0.014985795454545453 0.041235795454545476
12 0.6937500000000001 0.49 0.047469512195121966 0.05746951219512203
20 0.2625 0.385625 0.027482142857142816 0.02373214285714287
06 0.20875 0.4425 0.1249875 0.03998750000000001
