00 0.5118750000000001 0.69625 0.03873355263157896 0.039983552631578934
09 0.7525 0.8125 0.04499161073825497 0.027491610738255012
09 0.291875 0.295 0.0337068965517241 0.032456896551724124
05 0.6225 0.95875 0.0274944444444446 0.03249444444444438
03 0.27125 0.678125 0.012488095238095243 0.041238095238095074
15 0.4175 0.33499999999999996 0.02999297752808988 0.027492977528089824
18 0.2275 0.8206249999999999 0.02499509803921568 0.026245098039215597
08 0.8106249999999999 0.49 0.043706896551724106 0.02245689655172417
03 0.5075000000000001 0.16625 0.03497844827586205 0.049978448275862064
13 0.14125 0.71 0.13738636363636364 0.11738636363636379
01 0.8799999999999999 0.571875 0.02248579545454532 0.02123579545454546
08 0.601875 0.290625 0.02121951219512197 0.02121951219512197
04 0.05499999999999999 0.6975 0.03748214285714285 0.032482142857142904
