20 0.756875 0.8456250000000001 0.02123355263157889 0.018733552631578942
11 0.9862500000000001 0.8425 0.01999161073825484 0.017491610738254892
11 0.21125 0.460625 0.022456896551724115 0.02120689655172414
08 0.68625 0.745625 0.03249444444444438 0.026244444444444293
01 0.6856249999999999 0.50625 0.01623809523809505 0.012488095238095243
19 0.14375 0.745625 0.022492977528089902 0.023742977528089848
15 0.348125 0.7518750000000001 0.02874509803921571 0.02374509803921565
03 0.31937499999999996 0.44437499999999996 0.028706896551724148 0.0362068965517241
03 0.27812499999999996 0.54 0.011228448275862057 0.029978448275862046
09 0.214375 0.80875 0.01613636363636367 0.039886363636363775
13 0.095625 0.37875000000000003 0.048735795454545455 0.01998579545454543
03 0.20375 0.698125 0.017469512195121967 0.033719512195121926
