20 0.8125 0.8087500000000001 0.03248355263157898 0.03248355263157887
03 0.25375000000000003 0.7518750000000001 0.027491610738255068 0.04124161073825483
03 0.294375 0.29375 0.03120689655172415 0.02745689655172412
14 0.73875 0.451875 0.02499444444444432 0.0762444444444445
12 0.07125000000000001 0.900625 0.06748809523809524 0.07873809523809516
11 0.24875000000000003 0.515 0.03999297752808986 0.02749297752808988
05 0.879375 0.29312499999999997 0.04374509803921567 0.023745098039215706
10 0.169375 0.42625 0.033706896551724125 0.034956896551724126
03 0.234375 0.39375 0.021228448275862066 0.03497844827586205
10 0.42125 0.66625 0.03988636363636361 0.02488636363636365
