11 0.46375 0.3375 0.029983552631578925 0.02998355263157887
13 0.46625 0.7206250000000001 0.022491610738255008 0.0587416107382549
10 0.339375 0.40312499999999996 0.026206896551724146 0.023706896551724144
03 0.434375 0.43062500000000004 0.04874444444444448 0.038744444444444526
03 0.57875 0.959375 0.029988095238095314 0.03623809523809518
18 0.8125 0.76875 0.01749297752808987 0.019992977528089928
03 0.484375 0.20875 0.008745098039215637 0.032495098039215686
08 0.535 0.076875 0.05995689655172409 0.023706896551724144
04 0.5025 0.052500000000000005 0.024978448275862042 0.022478448275862067
13 0.5 0.12875 0.042386363636363555 0.11238636363636366
06 0.938125 0.655 0.048735795454545316 0.09498579545454533
03 0.723125 0.976875 0.02121951219512197 0.04121951219512199
03 0.10125 0.031875 0.017482142857142877 0.021232142857142856
13 0.27875 0.304375 0.07748750000000001 0.03123750000000003
