01 0.27749999999999997 0.5874999999999999 0.03248355263157893 0.029983552631578925
07 0.98 0.49124999999999996 0.014991610738254835 0.03749161073825502
03 0.05125 0.854375 0.09245689655172414 0.026206896551724146
03 0.5349999999999999 0.40812499999999996 0.05499444444444446 0.04124444444444447
06 0.23812499999999998 0.16125 0.09373809523809526 0.044988095238095244
17 0.435 0.404375 0.03749297752808989 0.03374297752808986
04 0.343125 0.855 0.041245098039215666 0.022495098039215677
03 0.38312500000000005 0.43875 0.013706896551724135 0.024956896551724117
15 0.8968750000000001 0.50625 0.028728448275862184 0.014978448275862088
03 0.81 0.7525 0.039886363636363664 0.032386363636363824
