08 0.145625 0.22062500000000002 0.033733552631578956 0.036233552631578986
16 0.661875 0.119375 0.046241610738254946 0.06874161073825505
08 0.36375 0.284375 0.032456896551724124 0.043706896551724106
18 0.9237500000000001 0.4475 0.027494444444444377 0.02999444444444449
00 0.345625 0.7 0.05373809523809525 0.054988095238095114
03 0.5750017556179775 0.19437500000000002 0.009996488764044908 0.051242977528089845
03 0.801875 0.97125 0.08874509803921571 0.032495098039215686
18 0.295625 0.105625 0.03370689655172415 0.03620689655172413
18 0.5075000000000001 0.770625 0.029978448275862102 0.03122844827586224
14 0.39875000000000005 0.243125 0.01988636363636359 0.031136363636363684
15 0.45125000000000004 0.448125 0.02998579545454544 0.028735795454545465
03 0.050625 0.590625 0.051219512195121955 0.04621951219512199
03 0.496875 0.880625 0.04123214285714283 0.08873214285714282
