03 0.766875 0.25125 0.04623355263157891 0.03748355263157896
03 0.7381249999999999 0.980625 0.06874161073825491 0.021241610738254924
03 0.61 0.745625 0.049956896551724084 0.02120689655172414
03 0.2675 0.840625 0.037494444444444414 0.03624444444444441
18 0.8500000000000001 0.73875 0.024988095238095087 0.027488095238095145
06 0.07250000000000001 0.07374824438202246 0.08999297752808989 0.06749648876404493
13 0.69875 0.630625 0.07999509803921567 0.03374509803921577
12 0.83 0.82375 0.04745689655172414 0.04745689655172414
06 0.6756249999999999 0.850625 0.046228448275862255 0.10372844827586214
01 0.7825 0.8362499999999999 0.022386363636363704 0.022386363636363815
03 0.501875 0.466875 0.038735795454545474 0.031235795454545467
03 0.125 0.359375 0.06996951219512193 0.04871951219512194
08 0.96875 0.8162499999999999 0.057482142857142815 0.11248214285714286
