04 0.4625 0.920625 0.01998355263157886 0.018733552631578942
10 0.6212500000000001 0.765625 0.01999161073825506 0.021241610738254924
14 0.218125 0.8106249999999999 0.026206896551724118 0.028706896551724204
06 0.903125 0.266875 0.016244444444444395 0.018744444444444397
10 0.8575 0.98625 0.017488095238095136 0.017488095238095136
08 0.71875 0.599375 0.039992977528089835 0.018742977528089844
06 0.283125 0.58875 0.04374509803921567 0.03749509803921569
09 0.38875000000000004 0.8025 0.024956896551724117 0.022456896551724115
05 0.16125 0.6525 0.022478448275862067 0.022478448275862206
04 0.40375 0.6793750000000001 0.022386363636363593 0.011136363636363833
08 0.1725 0.649375 0.009985795454545449 0.02873579545454541
06 0.97 0.649375 0.00746951219512193 0.02121951219512197
03 0.33687500000000004 0.43937499999999996 0.01623214285714286 0.01623214285714286
