06 0.6425000000000001 0.208125 0.01748355263157897 0.033733552631578956
14 0.74875 0.72875 0.024991610738254955 0.04749161073825492
01 0.575625 0.65625 0.02120689655172414 0.019956896551724057
03 0.764375 0.4 0.026244444444444404 0.07249444444444447
12 0.10375000000000001 0.89375 0.07248809523809524 0.05998809523809512
11 0.44875 0.266875 0.03749297752808983 0.031242977528089855
20 0.09 0.838125 0.029995098039215684 0.02624509803921571
05 0.756875 0.964989224137931 0.026206896551724146 0.049978448275862064
10 0.476875 0.03375 0.043728448275862086 0.03747844827586207
03 0.47375 0.88625 0.04238636363636361 0.049886363636363784
10 0.646875 0.8243750000000001 0.03623579545454536 0.0337357954545453
