06 0.473125 0.08625 0.013733552631578883 0.04998355263157894
18 0.46375 0.18875 0.024991610738255066 0.027491610738255068
15 0.22875 0.69375 0.04745689655172414 0.02745689655172412
03 0.214375 0.888125 0.07874444444444445 0.033744444444444355
05 0.903125 0.7518750000000001 0.023738095238095114 0.051238095238095194
03 0.8475 0.529375 0.039992977528089835 0.028742977528089853
01 0.179375 0.60625 0.02374509803921568 0.022495098039215677
20 0.476875 0.41625 0.03120689655172415 0.02995689655172412
08 0.905 0.856875 0.029978448275862157 0.07622844827586228
09 0.258125 0.33999999999999997 0.051136363636363646 0.03738636363636355
