03 0.355 0.489375 0.027483552631578922 0.02123355263157889
05 0.608125 0.234375 0.031241610738255043 0.013741610738255028
03 0.074375 0.29625 0.03120689655172413 0.024956896551724117
06 0.36124999999999996 0.5025 0.014994444444444477 0.024994444444444486
15 0.799375 0.6174999999999999 0.02873809523809523 0.019988095238095194
13 0.444375 0.721875 0.08124297752808984 0.0212429775280899
10 0.7931250000000001 0.265 0.021245098039215704 0.019995098039215675
20 0.681875 0.94 0.0237068965517242 0.014956896551724053
05 0.35562499999999997 0.77125 0.028728448275862017 0.0174784482758622
03 0.52125 0.9056249999999999 0.037386363636363606 0.036136363636363744
11 0.0375 0.309375 0.029985795454545452 0.02123579545454546
