07 0.69625 0.088125 0.03498355263157893 0.04873355263157894
20 0.7925 0.814375 0.02999161073825496 0.031241610738254932
08 0.681875 0.08248922413793103 0.04870689655172411 0.03747844827586207
13 0.6325 0.62125 0.054994444444444346 0.07499444444444436
08 0.8374970238095238 0.949375 0.027494047619047612 0.048738095238095136
20 0.18375 0.303125 0.012492977528089866 0.013742977528089895
03 0.47375 0.445625 0.029995098039215684 0.05874509803921568
20 0.506875 0.75 0.02120689655172414 0.014956896551724164
03 0.72125 0.935 0.01997844827586215 0.029978448275862157
06 0.534375 0.364375 0.0586363636363636 0.07363636363636361
08 0.15375 0.7575 0.05248579545454546 0.017485795454545316
14 0.213125 0.175625 0.06871951219512198 0.028719512195121977
