11 0.516875 0.8981250000000001 0.0362335526315789 0.023733552631578836
04 0.57625 0.34750000000000003 0.04749161073825503 0.03499161073825502
11 0.09 0.295625 0.044956896551724135 0.03870689655172416
06 0.49875 0.6799999999999999 0.07249444444444447 0.09749444444444444
19 0.135 0.97375 0.049988095238095234 0.02998809523809509
09 0.44625000000000004 0.781875 0.04249297752808984 0.036242977528089915
18 0.1525 0.738125 0.027495098039215682 0.028745098039215655
02 0.384375 0.16125 0.04620689655172411 0.04745689655172414
06 0.67625 0.84875 0.03497844827586216 0.03997844827586228
07 0.58875 0.175 0.0898863636363636 0.019886363636363674
14 0.680625 0.146875 0.03623579545454536 0.07123579545454546
01 0.946875 0.718125 0.033719512195121926 0.03121951219512198
