13 0.228125 0.750625 0.07123355263157899 0.053733552631578974
03 0.6493749999999999 0.575 0.018741610738254977 0.02999161073825507
03 0.7106250000000001 0.059375 0.07620689655172408 0.026206896551724146
04 0.8500000000000001 0.458125 0.029994444444444324 0.02124444444444451
03 0.38687499999999997 0.41312499999999996 0.021238095238095223 0.038738095238095294
15 0.50125 0.383125 0.029992977528089826 0.05124297752808982
06 0.6068737745098038 0.03937499999999999 0.026247549019607797 0.06874509803921568
03 0.6706357758620689 0.37187499999999996 0.011228448275862113 0.04620689655172411
15 0.45125000000000004 0.788125 0.019978448275862093 0.0487284482758622
03 0.21625 0.8975 0.02238636363636365 0.029886363636363766
