03 0.47625 0.728125 0.047483552631578885 0.0362335526315789
09 0.5762499999999999 0.28375 0.05499161073825498 0.04999161073825509
16 0.96875 0.6412500000000001 0.032456896551724235 0.05245689655172414
20 0.02 0.1275 0.017494444444444444 0.01749444444444448
03 0.083125 0.8512500000000001 0.02623809523809524 0.07248809523809518
04 0.95625 0.15875 0.03499297752808983 0.029992977528089854
18 0.328125 0.9881249999999999 0.018745098039215646 0.021245098039215704
05 0.4475 0.29125 0.01745689655172411 0.03995689655172413
10 0.17125 0.895 0.02497844827586207 0.01997844827586226
12 0.06625 0.610625 0.04988636363636363 0.06863636363636372
