05 0.43374999999999997 0.691875 0.03248355263157893 0.016233552631578885
09 0.49875 0.586875 0.024991610738255066 0.02374161073825498
18 0.91625 0.77625 0.01745689655172411 0.019956896551724057
06 0.735625 0.06625 0.051244444444444315 0.04999444444444445
03 0.35125 0.32375 0.03248809523809526 0.01998809523809525
03 0.806875 0.935625 0.06374297752808977 0.10124297752808986
18 0.816875 0.055625 0.0162450980392157 0.018745098039215688
15 0.731875 0.796875 0.016206896551724026 0.01370689655172419
20 0.214375 0.65625 0.016228448275862062 0.012478448275862197
06 0.8943749999999999 0.423125 0.026136363636363735 0.013636363636363613
18 0.32375 0.9293750000000001 0.01498579545454548 0.0187357954545454
09 0.063125 0.236875 0.023719512195121945 0.023719512195121972
03 0.433125 0.060625 0.07373214285714286 0.02123214285714286
13 0.621875 0.027499999999999997 0.036237500000000034 0.0424875
