13 0.610625 0.6637500000000001 0.05373355263157886 0.08998355263157898
04 0.1325 0.476875 0.029991610738255042 0.018741610738255088
03 0.865625 0.52 0.036206896551724155 0.022456896551724115
13 0.269375 0.659375 0.046244444444444394 0.12124444444444438
03 0.5706249999999999 0.3575 0.02873809523809523 0.05748809523809528
05 0.37812675561797754 0.08625 0.028746488764044953 0.03749297752808989
06 0.188125 0.66125 0.07374509803921567 0.0474950980392157
03 0.031875 0.604375 0.031206896551724143 0.06620689655172418
03 0.65625 0.705625 0.05497844827586207 0.026228448275862237
20 0.754375 0.8825000000000001 0.03113636363636374 0.029886363636363655
