04 0.48687500000000006 0.86625 0.06873355263157893 0.029983552631578925
07 0.045 0.216875 0.042491610738255026 0.12124161073825507
09 0.395 0.185625 0.03995689655172413 0.06870689655172413
10 0.581875 0.8525 0.04874444444444448 0.05249444444444429
09 0.78 0.9281250000000001 0.08248809523809508 0.0762380952380951
03 0.36687499999999995 0.504375 0.041242977528089864 0.07374297752808984
07 0.50375 0.5725 0.09249509803921568 0.0474950980392157
05 0.48375 0.5774999999999999 0.08745689655172417 0.05245689655172414
03 0.16999461206896552 0.55625 0.04248922413793105 0.029978448275862046
07 0.776875 0.4075 0.028636363636363793 0.22238636363636366
