03 0.428125 0.150625 0.026233552631578894 0.05123355263157897
03 0.153125 0.17375 0.03874161073825505 0.06749161073825505
06 0.9 0.85375 0.03495689655172418 0.012456896551724217
11 0.574375 0.771875 0.03874444444444447 0.026244444444444293
03 0.725625 0.25687499999999996 0.041238095238095185 0.013738095238095271
02 0.885625 0.735625 0.018742977528089844 0.023742977528089848
20 0.525 0.634375 0.027495098039215682 0.02624509803921571
04 0.239375 0.924375 0.036206896551724155 0.05620689655172406
01 0.56 0.6637500000000001 0.029978448275862157 0.024978448275862264
00 0.608125 0.961875 0.043636363636363584 0.03113636363636374
05 0.2475 0.958125 0.037485795454545445 0.023735795454545405
15 0.40625 0.934375 0.03746951219512196 0.02871951219512192
06 0.4375 0.27 0.09748214285714285 0.05748214285714284
