10 0.711875 0.6875 0.026233552631578894 0.019983552631578805
07 0.6849999999999999 0.09875 0.10499161073825491 0.10749161073825503
03 0.816875 0.494375 0.043706896551724106 0.0387068965517241
07 0.8006249999999999 0.870625 0.01874444444444434 0.04124444444444442
05 0.694375 0.080625 0.01873809523809511 0.033738095238095234
03 0.656875 0.675625 0.018742977528089844 0.016242977528089897
03 0.7024999999999999 0.176875 0.012495098039215669 0.05374509803921568
07 0.1625 0.871875 0.02995689655172412 0.036206896551724044
01 0.76625 0.33875 0.01997844827586226 0.022478448275862095
08 0.7793749999999999 0.535625 0.02363636363636379 0.018636363636363562
