18 0.98625 0.254375 0.014983552631578911 0.01873355263157897
06 0.451875 0.080625 0.013741610738255028 0.021241610738255035
03 0.13874999999999998 0.985625 0.04745689655172412 0.026206896551724146
05 0.505 0.43 0.027494444444444488 0.019994444444444537
00 0.84375 0.9081250000000001 0.024988095238095198 0.01623809523809505
18 0.9237500000000001 0.25375 0.014992977528089813 0.017492977528089843
20 0.50125 0.245625 0.02499509803921568 0.023745098039215706
03 0.7024999999999999 0.41312499999999996 0.05245689655172414 0.028706896551724148
06 0.52875 0.56875 0.057478448275862015 0.03747844827586211
01 0.675625 0.050625 0.018636363636363784 0.016136363636363636
14 0.7481249999999999 0.97125 0.021235795454545348 0.029985795454545383
08 0.6725 0.034375 0.012469512195121935 0.04621951219512195
03 0.25125 0.5 0.03748214285714285 0.03498214285714285
