07 0.86875 0.8575 0.04498355263157894 0.014983552631578911
03 0.17125 0.25875000000000004 0.022491610738255036 0.027491610738255068
04 0.40812499999999996 0.335625 0.0362068965517241 0.036206896551724155
04 0.8925 0.44625 0.03249444444444438 0.027494444444444488
12 0.17250000000000001 0.56 0.037488095238095265 0.03998809523809521
05 0.7831250000000001 0.053750000000000006 0.016242977528089786 0.03499297752808989
12 0.700625 0.37875000000000003 0.05124509803921573 0.03999509803921569
00 0.755 0.41312499999999996 0.03745689655172413 0.03870689655172416
04 0.16999999999999998 0.022500000000000003 0.032478448275862076 0.019978448275862072
03 0.8943749999999999 0.598125 0.01363636363636378 0.026136363636363624
18 0.869375 0.125 0.021235795454545237 0.024985795454545476
05 0.2 0.661875 0.04246951219512199 0.026219512195121975
05 0.893125 0.865 0.043732142857142775 0.022482142857142895
