03 0.37124999999999997 0.18125 0.05498355263157889 0.034983552631578985
03 0.9724999999999999 0.15875 0.034991610738254963 0.05749161073825504
03 0.30500000000000005 0.1525 0.034956896551724126 0.06995689655172414
08 0.766875 0.55125 0.08124444444444434 0.04499444444444456
07 0.951875 0.9212499999999999 0.06873809523809515 0.02248809523809514
20 0.675 0.201875 0.03749297752808978 0.03874297752808986
03 0.221875 0.111875 0.03374509803921569 0.10124509803921568
12 0.25625 0.94875 0.06495689655172415 0.07245689655172416
13 0.1825 0.924375 0.07747844827586206 0.1362284482758621
03 0.338125 0.7731250000000001 0.038636363636363635 0.15113636363636374
08 0.6731285511363636 0.833125 0.0637428977272726 0.0762357954545454
18 0.875 0.885625 0.029969512195122006 0.033719512195121926
14 0.734375 0.44375 0.03873214285714277 0.06998214285714283
04 0.581875 0.700625 0.05123750000000005 0.04123749999999993
