03 0.8518749999999999 0.893125 0.031233552631578898 0.08623355263157884
06 0.650625 0.219375 0.03374161073825499 0.08124161073825506
13 0.458125 0.7075 0.11370689655172411 0.05245689655172414
14 0.9806250000000001 0.061875 0.03624444444444441 0.018744444444444446
05 0.17875000000000002 0.7593749999999999 0.05248809523809525 0.023738095238095114
01 0.975 0.53375 0.019992977528089817 0.022492977528089875
12 0.63375 0.37 0.03999509803921575 0.0449950980392157
11 0.168125 0.946875 0.05620689655172412 0.0387068965517241
11 0.2025 0.02375 0.03997844827586208 0.029978448275862074
07 0.694403409090909 0.629375 0.07369318181818185 0.018636363636363562
15 0.6775 0.400625 0.027485795454545325 0.03623579545454547
10 0.284375 0.858125 0.03621951219512198 0.023719512195122028
