12 0.18312499999999998 0.41625 0.02873355263157898 0.029983552631578925
04 0.09187500000000001 0.20750000000000002 0.028741610738255027 0.02749161073825504
10 0.14375 0.224375 0.02995689655172415 0.026206896551724118
05 0.631875 0.903125 0.018744444444444452 0.03624444444444441
01 0.526875 0.44937499999999997 0.031238095238095287 0.03123809523809523
14 0.031875 0.925 0.028742977528089884 0.029992977528089937
00 0.075625 0.813125 0.03374509803921569 0.028745098039215655
11 0.050625 0.18062499999999998 0.033706896551724146 0.026206896551724118
12 0.40625 0.6468750000000001 0.03747844827586211 0.03872844827586219
03 0.849375 0.628125 0.026136363636363735 0.023636363636363567
