19 0.611875 0.50125 0.023733552631578836 0.034983552631578874
04 0.365625 0.33375 0.033741610738255046 0.034991610738255075
03 0.701875 0.5787500000000001 0.0387068965517241 0.12495689655172415
01 0.176875 0.440625 0.04874444444444445 0.04124444444444453
01 0.795625 0.8062499999999999 0.031238095238095176 0.024988095238095087
05 0.86625 0.118125 0.03749297752808989 0.031242977528089882
07 0.07 0.905625 0.1124950980392157 0.07124509803921564
01 0.856875 0.691875 0.02120689655172414 0.01370689655172419
04 0.7725 0.580625 0.042478448275862224 0.03372844827586208
03 0.075625 0.720625 0.09613636363636363 0.03113636363636374
