18 0.3925 0.07625 0.019983552631578916 0.022483552631578946
03 0.8006249999999999 0.68125 0.018741610738254866 0.04499161073825486
08 0.5425 0.27375000000000005 0.01745689655172411 0.03995689655172413
08 0.850625 0.34562499999999996 0.03624444444444441 0.023744444444444512
08 0.410625 0.6424970238095238 0.03373809523809529 0.052494047619047635
08 0.835 0.803125 0.02499297752808982 0.026242977528089906
03 0.25 0.125 0.027495098039215682 0.03999509803921569
03 0.2375 0.294375 0.03995689655172416 0.026206896551724146
03 0.065625 0.25875000000000004 0.05872844827586207 0.03747844827586205
06 0.931875 0.975625 0.08363636363636373 0.036136363636363744
06 0.10625000000000001 0.86625 0.06748579545454547 0.03998579545454539
01 0.681875 0.67875 0.033719512195121926 0.022469512195121943
08 0.175625 0.241875 0.023732142857142813 0.016232142857142834
