03 0.25125 0.5525 0.04748355263157897 0.017483552631578858
13 0.479375 0.049375 0.048741610738255 0.053741610738255036
03 0.680625 0.12687500000000002 0.023706896551724088 0.031206896551724123
06 0.12375 0.456875 0.02249444444444447 0.011244444444444501
06 0.8756250000000001 0.5275000000000001 0.023738095238095114 0.0774880952380953
08 0.3675 0.263125 0.02749297752808988 0.0212429775280899
03 0.486875 0.42374999999999996 0.05124509803921573 0.0499950980392157
00 0.6925 0.8425 0.022456896551724226 0.024956896551724173
18 0.265 0.46499999999999997 0.01747844827586209 0.019978448275862093
03 0.9775 0.48062499999999997 0.029886363636363766 0.01613636363636356
05 0.4425 0.7362500000000001 0.022485795454545432 0.029985795454545383
18 0.7562500000000001 0.54125 0.014969512195121992 0.01746951219512205
