10 0.13375 0.10375000000000001 0.02998355263157894 0.02998355263157894
18 0.9293750000000001 0.919375 0.01624161073825492 0.018741610738254866
04 0.07749999999999999 0.230625 0.027456896551724133 0.023706896551724144
04 0.561875 0.661875 0.023744444444444568 0.026244444444444293
20 0.766875 0.17375000000000002 0.021238095238095167 0.02248809523809528
01 0.10250000000000001 0.036875000000000005 0.017492977528089884 0.01624297752808989
10 0.071875 0.2425 0.0312450980392157 0.027495098039215682
02 0.176875 0.25375000000000003 0.05870689655172412 0.027456896551724147
20 0.504375 0.9 0.016228448275862117 0.014978448275862144
03 0.32562499999999994 0.816875 0.018636363636363618 0.033636363636363686
15 0.33875 0.506875 0.019985795454545485 0.028735795454545465
04 0.38125 0.98125 0.024969512195121946 0.01746951219512194
