10 0.36124999999999996 0.17125 0.03998355263157888 0.032483552631578955
14 0.115 0.5225 0.044991610738255056 0.04499161073825508
13 0.213125 0.09562499999999999 0.043706896551724134 0.15620689655172412
10 0.86375 0.131875 0.04999444444444434 0.048744444444444465
08 0.1375 0.360625 0.02998809523809523 0.04123809523809524
18 0.4475 0.7825 0.029992977528089826 0.032492977528089884
05 0.45625 0.5974999999999999 0.06249509803921571 0.02999509803921574
20 0.5706249999999999 0.6699999999999999 0.04120689655172416 0.032456896551724124
20 0.16375 0.63375 0.04497844827586206 0.04497844827586217
06 0.77875 0.45 0.029886363636363655 0.04238636363636361
03 0.8075 0.7475 0.03998579545454528 0.06748579545454525
08 0.558125 0.26 0.12621951219512195 0.04996951219512197
03 0.821875 0.7168705357142857 0.03873214285714277 0.023741071428571403
