06 0.48750000000000004 0.555625 0.059983552631578896 0.05873355263157887
04 0.823125 0.609375 0.04124161073825494 0.031241610738255154
03 0.435635775862069 0.299375 0.053728448275862095 0.043706896551724106
03 0.40375 0.62625 0.08249444444444454 0.06999444444444447
18 0.025625 0.5293749999999999 0.026238095238095234 0.02873809523809523
03 0.588125 0.539375 0.0312429775280898 0.10124297752808992
18 0.9025000000000001 0.656875 0.022495098039215677 0.02624509803921571
06 0.5237499999999999 0.7025 0.04245689655172413 0.03745689655172413
07 0.10375000000000001 0.05375 0.00997844827586207 0.07247844827586207
03 0.139375 0.203125 0.06863636363636365 0.031136363636363684
