18 0.500625 0.34750000000000003 0.016233552631578885 0.017483552631578914
14 0.203125 0.014375 0.02624161073825504 0.021241610738255035
03 0.8318749999999999 0.956875 0.011206896551724133 0.028706896551724093
18 0.66625 0.0175 0.01499444444444431 0.017494444444444444
14 0.28812499999999996 0.16375 0.03373809523809529 0.02248809523809525
12 0.32625000000000004 0.80875 0.027492977528089824 0.029992977528089826
14 0.13 0.294375 0.012495098039215682 0.05374509803921568
08 0.580625 0.6975 0.011206896551724133 0.01745689655172411
07 0.430625 0.683125 0.01372844827586206 0.02372844827586218
03 0.7450000000000001 0.200625 0.06738636363636374 0.028636363636363682
04 0.76875 0.144375 0.024985795454545268 0.02373579545454546
07 0.7500076219512195 0.893125 0.029984756097561016 0.026219512195121975
