08 0.27937500000000004 0.344375 0.031233552631578954 0.016233552631578885
03 0.18312499999999998 0.89625 0.01874161073825506 0.0274916107382549
01 0.051875000000000004 0.863125 0.013706896551724142 0.016206896551724137
03 0.64625 0.49062500000000003 0.012494444444444475 0.02124444444444451
06 0.69875 0.296875 0.01498809523809519 0.01873809523809522
03 0.548125 0.653125 0.0212429775280899 0.0212429775280899
09 0.796875 0.813125 0.031245098039215602 0.023745098039215762
03 0.684375 0.071875 0.05120689655172417 0.07620689655172413
06 0.7643803879310345 0.691875 0.04123922413793113 0.05122844827586226
14 0.333125 0.7206250000000001 0.018636363636363562 0.0336363636363638
08 0.115 0.401875 0.027485795454545464 0.038735795454545474
