03 0.239375 0.30499999999999994 0.04123355263157899 0.04748355263157894
03 0.505625 0.16312500000000002 0.05124161073825512 0.05124161073825503
06 0.334375 0.494375 0.08870689655172409 0.05120689655172411
13 0.645 0.6924999999999999 0.08499444444444448 0.2199944444444445
08 0.4 0.608125 0.029988095238095258 0.03873809523809524
11 0.90875 0.459375 0.04249297752808989 0.04374297752808981
03 0.78625 0.206875 0.02249509803921579 0.02874509803921571
00 0.818125 0.984375 0.028706896551724093 0.02120689655172403
03 0.32875 0.08 0.05997844827586207 0.027478448275862072
03 0.8043750000000001 0.801875 0.028636363636363682 0.08613636363636368
03 0.523125 0.11812500000000001 0.031235795454545467 0.026235795454545477
01 0.47625 0.1375 0.022469512195121943 0.014969512195121965
18 0.285625 0.655625 0.023732142857142813 0.026232142857142815
16 0.3825 0.28875 0.03748750000000001 0.057487500000000025
