03 0.691875 0.333125 0.06873355263157888 0.06623355263157893
12 0.348125 0.389375 0.061241610738255015 0.06374161073825507
07 0.244375 0.88375 0.033706896551724125 0.06745689655172415
11 0.07500000000000001 0.231875 0.03999444444444446 0.03874444444444444
03 0.493125 0.645 0.10123809523809524 0.047488095238095274
03 0.165625 0.32875 0.06874297752808989 0.03249297752808983
10 0.383125 0.825625 0.04874509803921567 0.036245098039215606
08 0.478125 0.521875 0.07370689655172408 0.07870689655172414
06 0.5 0.57125 0.044978448275862115 0.12497844827586213
03 0.448125 0.108125 0.08613636363636357 0.08363636363636362
13 0.173125 0.033749999999999995 0.11623579545454547 0.04998579545454545
15 0.506875 0.815625 0.05371951219512194 0.07871951219512197
07 0.13874553571428572 0.25625 0.04249107142857145 0.049982142857142836
