06 0.421875 0.6275 0.016233552631578885 0.04498355263157883
04 0.8725 0.365 0.032491610738254906 0.03749161073825502
03 0.82375 0.606875 0.029956896551724066 0.08370689655172414
03 0.174375 0.309375 0.04874444444444445 0.07624444444444445
08 0.836875 0.916875 0.031238095238095176 0.023738095238095225
04 0.15 0.076875 0.02999297752808988 0.031242977528089882
20 0.27125 0.063125 0.029995098039215684 0.026245098039215688
18 0.670625 0.1575 0.026206896551724146 0.02745689655172412
02 0.875 0.93375 0.032478448275862215 0.03497844827586216
04 0.125 0.374375 0.034886363636363646 0.026136363636363624
18 0.62 0.504375 0.02498579545454538 0.02873579545454552
03 0.923125 0.85375 0.03621951219512198 0.0349695121951219
03 0.748125 0.333125 0.036232142857142824 0.026232142857142815
05 0.9075 0.2925 0.03748750000000001 0.034987500000000005
