06 0.848125 0.425 0.0987335526315789 0.03248355263157887
01 0.5075000000000001 0.21250000000000002 0.022491610738255008 0.024991610738255038
01 0.698125 0.925625 0.028706896551724093 0.028706896551724093
08 0.4725013888888889 0.551875 0.0424972222222223 0.04874444444444448
07 0.7643779761904762 0.441875 0.046244047619047546 0.09873809523809524
12 0.419375 0.164375 0.06374297752808988 0.053742977528089875
09 0.285 0.65375 0.03749509803921569 0.03499509803921563
06 0.59875 0.6868749999999999 0.02745689655172412 0.043706896551724106
12 0.556875 0.22375 0.05122844827586204 0.049978448275862064
05 0.409375 0.41374999999999995 0.03113636363636363 0.03988636363636361
06 0.8775 0.076875 0.07248579545454537 0.11373579545454547
13 0.6 0.419375 0.06496951219512193 0.04871951219512194
14 0.37875000000000003 0.310625 0.0399821428571428 0.026232142857142815
