03 0.036875000000000005 0.68625 0.011233552631578957 0.02498355263157892
07 0.9349979026845637 0.6018749999999999 0.02249580536912754 0.028741610738255097
05 0.676875 0.185 0.02120689655172403 0.02995689655172412
03 0.469375 0.21625 0.02124444444444451 0.029994444444444435
03 0.80375 0.1925 0.014988095238095078 0.027488095238095256
20 0.32499999999999996 0.225 0.014992977528089868 0.009992977528089864
04 0.8674999999999999 0.8025 0.024995098039215624 0.022495098039215677
09 0.548125 0.6893750000000001 0.02120689655172414 0.02120689655172414
03 0.74875 0.899375 0.02747844827586221 0.018728448275862175
11 0.420625 0.27249999999999996 0.028636363636363626 0.019886363636363702
13 0.34625 0.698125 0.05748579545454546 0.0287357954545453
07 0.911875 0.4375 0.04621951219512199 0.04996951219512202
08 0.398125 0.424375 0.02373214285714287 0.036232142857142824
20 0.49749999999999994 0.6174999999999999 0.01998749999999999 0.014987500000000042
