03 0.318125 0.104375 0.023733552631578947 0.023733552631578933
03 0.34375 0.146875 0.01999161073825506 0.03874161073825505
04 0.479375 0.086875 0.03120689655172415 0.023706896551724144
20 0.39 0.7637499999999999 0.022494444444444484 0.014994444444444421
03 0.821875 0.643125 0.01873809523809511 0.023738095238095225
06 0.72375 0.210625 0.07999297752808987 0.07874297752808984
11 0.6599999999999999 0.5349999999999999 0.032495098039215686 0.022495098039215677
01 0.1525 0.610625 0.01745689655172411 0.018706896551724084
17 0.294375 0.584375 0.04122844827586203 0.03122844827586202
15 0.784375 0.7068749999999999 0.026136363636363735 0.036136363636363744
20 0.36312500000000003 0.6712499999999999 0.03373579545454547 0.03248579545454533
09 0.5018750000000001 0.025624999999999995 0.023719512195122028 0.046219512195121944
02 0.87875 0.08937500000000001 0.0374821428571428 0.023732142857142854
