11 0.8225 0.5018750000000001 0.04998355263157883 0.04873355263157897
03 0.7375 0.8875 0.05749161073825493 0.0274916107382549
20 0.5743750000000001 0.23875000000000002 0.043706896551724106 0.03245689655172415
11 0.8106249999999999 0.730625 0.04624444444444442 0.05374444444444437
12 0.22499999999999998 0.405625 0.07248809523809527 0.07123809523809527
07 0.3925017556179775 0.903125 0.062496488764044955 0.028742977528089853
05 0.2875 0.385 0.05249509803921565 0.032495098039215686
10 0.8425 0.559375 0.05495689655172409 0.03120689655172415
03 0.12875 0.809375 0.06747844827586208 0.053728448275862206
03 0.763125 0.96 0.0486363636363637 0.02738636363636371
