07 0.5193749999999999 0.6637500000000001 0.033733552631578845 0.05248355263157889
01 0.8518749999999999 0.5025000000000001 0.03374161073825499 0.027491610738255068
05 0.66625 0.1375 0.019956896551724057 0.042456896551724146
03 0.07062500000000001 0.799375 0.043744444444444454 0.023744444444444457
13 0.151875 0.35062499999999996 0.03123809523809523 0.09623809523809529
03 0.36812500000000004 0.109375 0.06374297752808983 0.0362429775280899
12 0.26125 0.605 0.024995098039215707 0.024995098039215735
02 0.7450000000000001 0.673125 0.04245689655172413 0.023706896551724088
07 0.275625 0.374375 0.028728448275862073 0.018728448275862064
03 0.3925 0.576875 0.01738636363636359 0.023636363636363567
