09 0.3575 0.24875000000000003 0.0674835526315789 0.05998355263157898
12 0.6375 0.5375 0.13499161073825494 0.059991610738254986
10 0.7737499999999999 0.47 0.039956896551724186 0.03995689655172413
20 0.2 0.30875 0.04249444444444442 0.04499444444444445
04 0.4175 0.04875 0.05748809523809528 0.044988095238095244
07 0.1275 0.325625 0.13249297752808986 0.07624297752808984
14 0.493125 0.91875 0.08624509803921565 0.05749509803921571
05 0.7768642241379311 0.050625 0.036228448275862024 0.06620689655172414
14 0.549375 0.28125 0.05622844827586204 0.05497844827586207
01 0.391875 0.8200000000000001 0.031136363636363573 0.024886363636363762
06 0.459375 0.16375 0.15123579545454552 0.12248579545454548
04 0.39375000000000004 0.7375 0.03996951219512196 0.05246951219512197
