00 0.47687500000000005 0.05437500000000001 0.0337335526315789 0.026233552631578956
01 0.765625 0.3625 0.021241610738254924 0.024991610738255066
04 0.558125 0.9775 0.0387068965517241 0.019956896551724168
14 0.9199999999999999 0.4225 0.03999444444444433 0.0424944444444445
07 0.345625 0.23374999999999999 0.01123809523809527 0.03498809523809526
03 0.901875 0.555625 0.028742977528089853 0.05124297752808982
18 0.985625 0.39625 0.021245098039215704 0.022495098039215677
03 0.598125 0.121875 0.02120689655172414 0.026206896551724118
16 0.768125 0.5800000000000001 0.03872844827586219 0.04247844827586211
13 0.545625 0.19187500000000002 0.10613636363636358 0.06113636363636368
07 0.455625 0.78625 0.03623579545454547 0.037485795454545334
03 0.213125 0.05936737804878049 0.04371951219512196 0.011234756097560979
