14 0.048125 0.72375 0.02123355263157895 0.04248355263157899
03 0.95 0.47187500000000004 0.01999161073825484 0.018741610738255032
19 0.16875 0.916875 0.01995689655172414 0.026206896551724146
06 0.66875 0.8831249999999999 0.07249444444444442 0.01124444444444428
15 0.733125 0.11812500000000001 0.021238095238095167 0.021238095238095236
01 0.78375 0.5606249999999999 0.01749297752808976 0.016242977528089786
09 0.234375 0.6231249999999999 0.021245098039215704 0.021245098039215704
20 0.5075 0.9750000000000001 0.024956896551724117 0.022456896551724115
18 0.281875 0.500625 0.016228448275862062 0.018728448275862064
03 0.040625 0.915625 0.02863636363636363 0.0386363636363638
