08 0.086875 0.661875 0.021233552631578945 0.051233552631578916
08 0.41375 0.66875 0.03999161073825508 0.052491610738254924
19 0.35375 0.760625 0.02745689655172412 0.04370689655172422
05 0.3043763888888889 0.358125 0.03624722222222221 0.03624444444444447
03 0.705625 0.364375 0.04373809523809513 0.018738095238095276
00 0.8262499999999999 0.4525 0.04249297752808989 0.03249297752808983
06 0.8668750000000001 0.655 0.036245098039215606 0.027495098039215682
15 0.444375 0.26875 0.07870689655172414 0.03745689655172413
09 0.891875 0.511875 0.028728448275862184 0.05122844827586204
03 0.7775000000000001 0.43125 0.04488636363636378 0.022386363636363593
04 0.079375 0.353125 0.04123579545454546 0.031235795454545467
07 0.08875 0.86125 0.039969512195121945 0.03246951219512195
01 0.135 0.816875 0.019982142857142865 0.01373214285714286
15 0.90875 0.754375 0.05248749999999991 0.04623750000000004
