12 0.22312500000000002 0.07749999999999999 0.02873355263157898 0.03248355263157894
12 0.29437500000000005 0.8043750000000001 0.033741610738255046 0.03124161073825482
03 0.615 0.86625 0.022456896551724115 0.01745689655172411
03 0.141875 0.459375 0.021244444444444455 0.016244444444444506
03 0.03875 0.58375 0.022488095238095234 0.019988095238095305
05 0.48875 0.515625 0.012492977528089866 0.02374297752808996
03 0.128125 0.4075 0.016245098039215686 0.01499509803921567
08 0.870625 0.083125 0.0387068965517241 0.021206896551724128
04 0.98 0.356875 0.01997844827586226 0.018728448275862064
11 0.9425 0.8843749999999999 0.02488636363636365 0.016136363636363726
