15 0.4425 0.5325 0.03498355263157893 0.039983552631578934
07 0.794375 0.615625 0.08874161073825493 0.0537416107382549
18 0.038125000000000006 0.40937500000000004 0.02620689655172414 0.028706896551724148
13 0.6493749999999999 0.536875 0.10374444444444442 0.03374444444444458
09 0.04 0.54125 0.03748809523809524 0.03998809523809532
03 0.188125 0.639375 0.03374297752808983 0.0887429775280899
06 0.7874987745098039 0.84625 0.02749754901960777 0.09999509803921569
01 0.1975 0.7475 0.022456896551724143 0.019956896551724168
20 0.489375 0.653125 0.01372844827586206 0.013728448275862282
02 0.130625 0.73875 0.03613636363636362 0.03238636363636371
04 0.499375 0.023125 0.036235795454545416 0.023735795454545457
03 0.43374999999999997 0.7168749999999999 0.03746951219512201 0.018719512195121912
19 0.61375 0.8775 0.019982142857142837 0.05248214285714281
