13 0.57625 0.40249999999999997 0.03498355263157893 0.042483552631578936
03 0.3375 0.669375 0.01749161073825506 0.013741610738254972
12 0.1375 0.11624999999999999 0.024956896551724145 0.024956896551724117
04 0.31062500000000004 0.80875 0.02874444444444446 0.022494444444444373
14 0.8756250000000001 0.7662500000000001 0.04373809523809513 0.03248809523809515
20 0.480625 0.11499999999999999 0.023742977528089848 0.02749297752808988
03 0.12875 0.755625 0.02249509803921569 0.04874509803921567
08 0.8225 0.385 0.022456896551724115 0.03995689655172413
03 0.019375000000000003 0.29125 0.023728448275862072 0.03247844827586205
03 0.229375 0.750625 0.02613636363636368 0.013636363636363669
13 0.8006249999999999 0.54 0.05373579545454532 0.12998579545454547
05 0.39812499999999995 0.569375 0.018719512195121968 0.026219512195121975
