03 0.59625 0.509375 0.029983552631578925 0.016233552631578885
03 0.47 0.32437499999999997 0.03249161073825507 0.018741610738255032
20 0.7075 0.903125 0.022456896551724115 0.02120689655172414
07 0.856875 0.199375 0.016244444444444395 0.048744444444444424
08 0.075 0.29500000000000004 0.024988095238095226 0.04498809523809527
13 0.7418750000000001 0.45 0.05124297752808993 0.09749297752808983
14 0.684375 0.290625 0.04124509803921572 0.018745098039215702
18 0.7731250000000001 0.219375 0.018706896551724195 0.021206896551724114
00 0.816875 0.9143749999999999 0.02372844827586218 0.01622844827586223
08 0.16625 0.1175 0.014886363636363642 0.024886363636363637
