03 0.481875 0.279375 0.05373355263157886 0.03873355263157896
02 0.8825000000000001 0.9550000000000001 0.05499161073825498 0.04749161073825492
03 0.048125 0.47 0.04120689655172413 0.03745689655172413
03 0.28 0.24375000000000002 0.06499444444444441 0.029994444444444462
09 0.48062499999999997 0.33687500000000004 0.021238095238095223 0.036238095238095236
15 0.81 0.634375 0.047492977528089786 0.026242977528089906
00 0.21375 0.44125000000000003 0.029995098039215684 0.022495098039215733
14 0.593125 0.6 0.04870689655172411 0.029956896551724066
09 0.24125000000000002 0.6875 0.017478448275862063 0.04747844827586212
14 0.28 0.486875 0.034886363636363715 0.051136363636363646
