06 0.04375 0.19937500000000002 0.06748355263157894 0.11623355263157897
11 0.5249999999999999 0.961875 0.052491610738255035 0.04124161073825494
03 0.419375 0.428125 0.043706896551724106 0.03370689655172415
13 0.2862486111111111 0.796875 0.18749722222222226 0.10624444444444436
20 0.308125 0.590625 0.04123809523809524 0.02873809523809523
03 0.825625 0.05375 0.053742977528089875 0.06999297752808989
20 0.74125 0.46499999999999997 0.042495098039215695 0.029995098039215684
03 0.499375 0.04875 0.05370689655172406 0.07745689655172414
13 0.5975 0.915 0.06247844827586202 0.09497844827586222
03 0.90625 0.35250000000000004 0.06488636363636369 0.05488636363636362
20 0.505 0.47 0.0374857954545455 0.024985795454545434
04 0.301875 0.084375 0.04871951219512194 0.026219512195121933
