15 0.44625000000000004 0.899375 0.02998355263157887 0.02873355263157895
13 0.484375 0.900625 0.08124161073825503 0.07124161073825497
14 0.35625 0.22375 0.032456896551724124 0.06245689655172415
06 0.23375 0.79125 0.029994444444444407 0.07499444444444436
03 0.32125000000000004 0.239375 0.029988095238095258 0.026238095238095283
06 0.453125 0.624375 0.016242977528089897 0.05624297752808993
08 0.7437499999999999 0.40249999999999997 0.012495098039215669 0.0499950980392157
08 0.266875 0.556875 0.05120689655172411 0.016206896551724137
03 0.22 0.3675 0.03747844827586205 0.01747844827586209
13 0.81875 0.746875 0.022386363636363704 0.11613636363636382
01 0.6199999999999999 0.35375 0.062485795454545356 0.06248579545454547
11 0.33125000000000004 0.49812500000000004 0.03996951219512196 0.023719512195121972
20 0.09375 0.365 0.017482142857142863 0.019982142857142837
11 0.5825 0.26749999999999996 0.039987500000000065 0.0299875
