08 0.80625 0.8131250000000001 0.05498355263157895 0.031233552631578898
08 0.51375 0.514375 0.014991610738255057 0.041241610738255
06 0.271875 0.7987500000000001 0.01870689655172414 0.022456896551724115
08 0.7224999999999999 0.296875 0.047494444444444395 0.033744444444444466
10 0.5906279761904762 0.680625 0.02624404761904764 0.016238095238095163
06 0.823125 0.82875 0.046242977528089924 0.07999297752808987
10 0.464375 0.316875 0.02624509803921571 0.023745098039215706
03 0.311260775862069 0.218125 0.03747844827586205 0.021206896551724114
03 0.7443803879310344 0.845 0.02373922413793106 0.039978448275862166
09 0.853125 0.776875 0.061136363636363766 0.061136363636363766
