09 0.95 0.19437500000000002 0.03498355263157882 0.01873355263157897
03 0.140625 0.129375 0.04124161073825505 0.09124161073825504
03 0.84375 0.671875 0.03495689655172418 0.05870689655172412
10 0.631875 0.38375 0.031244444444444408 0.022494444444444484
13 0.125 0.8981250000000001 0.029988095238095244 0.041238095238095185
03 0.25 0.558125 0.01749297752808987 0.05124297752808982
09 0.5393749999999999 0.61375 0.03374509803921566 0.04499509803921575
03 0.43001077586206893 0.09687499999999999 0.014978448275862088 0.021206896551724128
03 0.43125 0.40437500000000004 0.04247844827586206 0.02622844827586207
03 0.958125 0.5249999999999999 0.0386363636363638 0.0323863636363636
03 0.30500000000000005 0.7518750000000001 0.05498579545454546 0.04623579545454526
18 0.11375 0.28625 0.022469512195121943 0.024969512195122
06 0.485625 0.7275 0.013732142857142804 0.12248214285714287
