03 0.2225 0.721875 0.024983552631578976 0.02873355263157895
08 0.06125 0.8549979026845638 0.034991610738255026 0.024995805369127377
04 0.788125 0.28500000000000003 0.0337068965517241 0.019956896551724113
02 0.078125 0.545625 0.036244444444444454 0.033744444444444466
14 0.060000000000000005 0.4125 0.022488095238095238 0.04248809523809527
08 0.36624999999999996 0.786875 0.052492977528089846 0.036242977528089915
05 0.856875 0.059375 0.01624509803921559 0.04124509803921569
08 0.26749999999999996 0.031875 0.019956896551724113 0.05120689655172414
09 0.23311961206896553 0.5706249999999999 0.031239224137931038 0.02372844827586207
20 0.638125 0.614375 0.03113636363636374 0.02113636363636351
14 0.469375 0.099375 0.061235795454545494 0.031235795454545467
20 0.15750000000000003 0.915 0.014969512195121965 0.01746951219512194
04 0.36625 0.1225 0.02498214285714284 0.02248214285714288
07 0.120003125 0.526875 0.02499375000000001 0.026237500000000025
