04 0.2625 0.911875 0.03248355263157898 0.033733552631578956
06 0.9356249999999999 0.620625 0.02374161073825498 0.08374161073825492
19 0.060625 0.265 0.026206896551724146 0.02995689655172412
14 0.135625 0.9181250000000001 0.048744444444444465 0.02874444444444435
14 0.73 0.763125 0.044988095238095105 0.02873809523809523
01 0.490625 0.0625 0.03624297752808986 0.034992977528089886
03 0.03937500000000001 0.285625 0.03624509803921569 0.018745098039215702
03 0.5118750000000001 0.6087499999999999 0.01370689655172408 0.04245689655172413
10 0.7825 0.578125 0.024978448275862153 0.026228448275862126
04 0.76125 0.48125 0.029886363636363766 0.027386363636363598
