06 0.559375 0.42625 0.06373355263157887 0.0649835526315789
03 0.796875 0.52875 0.04124161073825494 0.034991610738254963
14 0.8631249999999999 0.8200000000000001 0.03120689655172415 0.039956896551724186
04 0.8968750000000001 0.2075 0.02874444444444435 0.02499444444444443
20 0.778125 0.020624999999999998 0.021238095238095167 0.016238095238095236
08 0.09062500000000001 0.5375000000000001 0.05624297752808989 0.014992977528089813
03 0.5449999999999999 0.349375 0.009995098039215722 0.028745098039215655
05 0.11374999999999999 0.93375 0.02995689655172412 0.014956896551724164
06 0.7356303879310344 0.39375 0.026239224137931116 0.06497844827586208
09 0.75875 0.419375 0.057386363636363735 0.051136363636363646
18 0.97375 0.478125 0.019985795454545263 0.02123579545454546
03 0.38 0.635 0.029969512195122006 0.01746951219512205
