19 0.47062499999999996 0.419375 0.018733552631578887 0.031233552631578898
14 0.050625 0.024374999999999997 0.03624161073825503 0.03374161073825503
18 0.350625 0.210625 0.016206896551724137 0.01870689655172414
06 0.7806249999999999 0.645625 0.07124444444444433 0.09374444444444441
18 0.128125 0.201875 0.018738095238095248 0.021238095238095278
12 0.034375 0.506875 0.03874297752808989 0.04124297752808992
19 0.7206250000000001 0.755625 0.018745098039215757 0.028745098039215655
13 0.6218857758620691 0.33375 0.036228448275862024 0.04245689655172413
20 0.9337500000000001 0.536875 0.014978448275862255 0.01372844827586206
12 0.7150000000000001 0.93875 0.03488636363636377 0.039886363636363775
