09 0.04875 0.07 0.039983552631578954 0.04498355263157895
06 0.728125 0.29562290268456376 0.0637416107382549 0.03874580536912753
09 0.370625 0.831875 0.031206896551724095 0.036206896551724155
14 0.245 0.359375 0.03249444444444441 0.013744444444444448
20 0.4125 0.6575 0.014988095238095245 0.014988095238095078
03 0.488125 0.67625 0.023742977528089848 0.039992977528089835
02 0.6343749999999999 0.61625 0.021245098039215704 0.024995098039215624
00 0.16062500000000002 0.943125 0.031206896551724123 0.028706896551724093
12 0.8456250000000001 0.59 0.05122844827586215 0.029978448275862046
08 0.575 0.5974999999999999 0.022386363636363593 0.04238636363636361
10 0.661875 0.761875 0.023735795454545405 0.01873579545454529
20 0.39749999999999996 0.490625 0.02996951219512195 0.03121951219512198
