03 0.9762500000000001 0.21687499999999998 0.029983552631578925 0.013733552631578966
05 0.708125 0.56 0.013741610738254861 0.03249161073825502
14 0.433125 0.339375 0.01870689655172414 0.04620689655172411
18 0.03375 0.6225 0.014994444444444442 0.01749444444444459
06 0.041249999999999995 0.284375 0.052488095238095236 0.041238095238095296
13 0.379375 0.785625 0.023742977528089848 0.10374297752808981
02 0.028749999999999998 0.42500000000000004 0.039995098039215686 0.0499950980392157
08 0.453125 0.16999999999999998 0.028706896551724093 0.027456896551724147
10 0.84125 0.558125 0.01997844827586215 0.02122844827586201
03 0.3725 0.630625 0.00738636363636358 0.026136363636363735
15 0.1275 0.97 0.022485795454545474 0.017485795454545316
03 0.125625 0.37625 0.036219512195121956 0.024969512195121946
