03 0.8787499999999999 0.078125 0.022483552631578863 0.046233552631578946
07 0.231875 0.495625 0.02874161073825504 0.011241610738255081
01 0.965 0.92875 0.014956896551724164 0.00995689655172416
08 0.012501388888888888 0.9425 0.019997222222222222 0.009994444444444417
20 0.17625000000000002 0.54125 0.019988095238095277 0.017488095238095358
10 0.235625 0.270625 0.01624297752808984 0.01374297752808984
04 0.28625 0.074375 0.022495098039215677 0.013745098039215697
01 0.325 0.09875 0.012456896551724106 0.014956896551724122
03 0.870625 0.48250000000000004 0.021228448275862233 0.03247844827586205
04 0.9268749999999999 0.614375 0.026136363636363735 0.02113636363636351
03 0.87 0.36875 0.01498579545454537 0.014985795454545425
