14 0.719375 0.326875 0.023733552631578947 0.01623355263157894
05 0.16625 0.375625 0.024991610738255038 0.01624161073825503
09 0.461875 0.71625 0.016206896551724137 0.01745689655172422
03 0.75 0.14750000000000002 0.01499444444444431 0.022494444444444456
01 0.31125 0.47250000000000003 0.017488095238095303 0.012488095238095298
10 0.398125 0.944375 0.018742977528089844 0.01374297752808984
15 0.6925 0.23875000000000002 0.01999509803921562 0.009995098039215694
03 0.8612500000000001 0.703125 0.02495689655172406 0.05120689655172406
06 0.5125 0.68875 0.04497844827586206 0.022478448275862206
13 0.5644034090909091 0.0675 0.053693181818181834 0.03238636363636364
02 0.984375 0.97 0.01873579545454529 0.044985795454545285
07 0.219375 0.750625 0.036219512195121956 0.03871951219512204
