20 0.04375 0.68875 0.03498355263157895 0.037483552631578876
20 0.8375 0.094375 0.024991610738254844 0.01874161073825506
15 0.301875 0.16125 0.04120689655172416 0.032456896551724124
19 0.27812499999999996 0.21125 0.03374444444444441 0.04249444444444442
18 0.61875 0.97 0.019988095238095305 0.02248809523809514
15 0.160625 0.08687500000000001 0.013742977528089895 0.02374297752808989
03 0.66125 0.731875 0.024995098039215735 0.05124509803921573
03 0.52 0.575625 0.024956896551724173 0.026206896551724035
16 0.49875 0.379375 0.03997844827586211 0.04372844827586203
08 0.34562499999999996 0.855625 0.07363636363636367 0.018636363636363784
18 0.370625 0.056875 0.02123579545454546 0.023735795454545447
13 0.813125 0.733125 0.0662195121951219 0.05371951219512194
03 0.48750000000000004 0.649375 0.017482142857142835 0.03873214285714288
10 0.24062499999999998 0.015 0.026237499999999997 0.0224875
