06 0.24625000000000002 0.266875 0.012483552631578992 0.02623355263157895
03 0.435625 0.226875 0.02624161073825504 0.01874161073825506
08 0.186875 0.26937500000000003 0.033706896551724125 0.028706896551724148
07 0.176875 0.10187500000000001 0.06124444444444446 0.06124444444444446
03 0.306875 0.551875 0.03873809523809524 0.08373809523809528
15 0.47 0.54125 0.03999297752808989 0.022492977528089764
07 0.4325 0.9281250000000001 0.024995098039215735 0.05124509803921573
09 0.42 0.796875 0.02745689655172412 0.02120689655172403
17 0.14500000000000002 0.52625 0.027478448275862072 0.0274784482758621
07 0.84875 0.6893750000000001 0.039886363636363775 0.043636363636363806
