20 0.720625 0.56125 0.026233552631578894 0.02498355263157892
04 0.6000000000000001 0.70875 0.03999161073825508 0.03499161073825485
10 0.55 0.831875 0.029956896551724177 0.028706896551724093
06 0.278125 0.1975 0.016244444444444395 0.03249444444444441
10 0.9625 0.53 0.017488095238095136 0.017488095238095247
14 0.69625 0.734375 0.04499297752808984 0.03874297752808986
03 0.5231250000000001 0.074375 0.026245098039215597 0.05374509803921569
06 0.25875000000000004 0.44437499999999996 0.08745689655172412 0.03870689655172416
10 0.79625 0.22125 0.02997844827586227 0.029978448275862046
12 0.43625 0.8362499999999999 0.024886363636363595 0.02738636363636371
03 0.7481249999999999 0.395625 0.03623579545454525 0.016235795454545454
