03 0.091875 0.30937499999999996 0.02623355263157895 0.06123355263157898
10 0.255625 0.666875 0.04124161073825505 0.04374161073825489
00 0.2025 0.7124999999999999 0.027456896551724147 0.019956896551724168
03 0.953125 0.059375 0.018744444444444452 0.05374444444444445
03 0.6775 0.193125 0.019988095238095083 0.03373809523809526
07 0.7706232443820225 0.809375 0.0312464887640449 0.03874297752808986
20 0.055625 0.24875 0.026245098039215695 0.02499509803921568
02 0.963135775862069 0.255625 0.03872844827586208 0.013706896551724163
03 0.12062500000000001 0.263125 0.023728448275862082 0.026228448275862015
03 0.176875 0.608125 0.01613636363636367 0.02113636363636362
