04 0.5562499999999999 0.649375 0.03248355263157887 0.02123355263157889
03 0.193125 0.5075000000000001 0.04124161073825505 0.02999161073825507
14 0.543125 0.83 0.016206896551724137 0.02745689655172412
03 0.36812500000000004 0.918125 0.018744444444444508 0.05374444444444437
13 0.15937500000000002 0.40625 0.09623809523809525 0.08498809523809525
00 0.2375 0.363125 0.029992977528089826 0.028742977528089853
15 0.17125 0.928125 0.029995098039215712 0.0162450980392157
04 0.25125000000000003 0.0775 0.027456896551724147 0.022456896551724143
03 0.17375000000000002 0.33187500000000003 0.019978448275862065 0.016228448275862062
00 0.819375 0.385 0.02113636363636373 0.01988636363636359
06 0.176875 0.706875 0.013735795454545452 0.026235795454545352
