01 0.26187499999999997 0.379375 0.023733552631579002 0.02373355263157889
03 0.406875 0.10500000000000001 0.02874161073825504 0.049991610738255046
03 0.691875 0.58625 0.06870689655172413 0.03745689655172413
14 0.600625 0.605 0.033744444444444466 0.027494444444444488
12 0.814375 0.674375 0.06873809523809515 0.03623809523809507
14 0.259375 0.77125 0.041242977528089864 0.024992977528089932
06 0.768125 0.71875 0.06124509803921574 0.07999509803921567
03 0.8125 0.2975 0.022456896551724226 0.03745689655172413
03 0.64375 0.2025 0.01747844827586209 0.03997844827586208
08 0.8875 0.45625 0.0173863636363637 0.022386363636363593
03 0.024996448863636368 0.37312500000000004 0.02499289772727273 0.018735795454545456
00 0.96625 0.98625 0.027469512195121948 0.019969512195121997
02 0.176875 0.22312500000000002 0.041232142857142856 0.028732142857142845
