07 0.3568791118421053 0.10500000000000001 0.04124177631578946 0.027483552631578936
10 0.704375 0.43625 0.026241610738254928 0.022491610738255063
20 0.9675 0.083125 0.02745689655172412 0.028706896551724134
03 0.715625 0.40937500000000004 0.08624444444444435 0.0762444444444445
03 0.9325 0.17125 0.062488095238095065 0.08498809523809525
08 0.06875 0.18562499999999998 0.03499297752808989 0.041242977528089836
09 0.5125 0.598125 0.022495098039215677 0.03374509803921566
11 0.11124999999999999 0.631875 0.02495689655172413 0.026206896551724146
07 0.9225 0.29312499999999997 0.042478448275862224 0.021228448275862066
07 0.94 0.5237499999999999 0.019886363636363646 0.02488636363636354
06 0.5925035511363637 0.545625 0.022492897727272698 0.09123579545454552
