11 0.7175 0.7025 0.03498355263157893 0.03498355263157893
11 0.203125 0.3375 0.02624161073825504 0.03749161073825508
04 0.6675 0.071875 0.032456896551724124 0.033706896551724146
04 0.30562500000000004 0.9512499999999999 0.0237444444444444 0.029994444444444324
19 0.959375 0.961875 0.03873809523809513 0.02623809523809506
03 0.869375 0.778125 0.028742977528089853 0.01374297752808984
09 0.181875 0.580625 0.028745098039215683 0.04124509803921572
12 0.45 0.730625 0.057456896551724146 0.05870689655172412
00 0.3075 0.026875000000000003 0.029978448275862046 0.02122844827586207
03 0.45625000000000004 0.784375 0.0298863636363636 0.028636363636363682
