20 0.10750000000000001 0.7749999999999999 0.027483552631578936 0.019983552631578916
03 0.27312499999999995 0.7375 0.02874161073825504 0.05499161073825498
18 0.551875 0.2525 0.03370689655172421 0.03745689655172413
12 0.7268749999999999 0.45687500000000003 0.09124444444444435 0.09374444444444446
10 0.3775 0.031875 0.04248809523809527 0.031238095238095235
14 0.201875 0.21125 0.04624297752808987 0.07249297752808986
06 0.23249999999999998 0.655 0.06749509803921569 0.08499509803921568
07 0.95625 0.90375 0.0649568965517241 0.02495689655172406
03 0.05625 0.26 0.07247844827586207 0.06997844827586208
03 0.32999999999999996 0.865 0.08988636363636365 0.057386363636363735
