14 0.669375 0.28375 0.043733552631578854 0.01748355263157897
06 0.416875 0.213125 0.056241610738255066 0.03624161073825505
04 0.734375 0.788125 0.01370689655172419 0.01370689655172408
04 0.345 0.756875 0.027494444444444543 0.02874444444444435
00 0.905625 0.466875 0.021238095238095056 0.021238095238095278
06 0.451875 0.6956249999999999 0.0812429775280899 0.026242977528089795
03 0.42562500000000003 0.339375 0.016245098039215644 0.018745098039215702
04 0.5775 0.051250000000000004 0.01745689655172411 0.017456896551724145
00 0.90875 0.85375 0.022478448275862206 0.014978448275862144
03 0.82875 0.348125 0.05488636363636368 0.02613636363636357
