04 0.699375 0.129375 0.04623355263157891 0.028733552631578937
03 0.23249999999999998 0.155625 0.03499161073825505 0.05124161073825503
01 0.43000000000000005 0.84375 0.034956896551724126 0.02745689655172412
00 0.338125 0.55625 0.04624444444444448 0.03499444444444455
05 0.8343750000000001 0.08249999999999999 0.04373809523809513 0.04498809523809523
05 0.8574999999999999 0.203125 0.057492977528089795 0.02624297752808985
03 0.35 0.09375 0.03749509803921569 0.014995098039215699
06 0.2375 0.545625 0.11495689655172411 0.053706896551724115
15 0.931875 0.165 0.04122844827586225 0.05497844827586207
20 0.624375 0.369375 0.026136363636363624 0.02113636363636362
03 0.155 0.79 0.07498579545454548 0.06748579545454536
02 0.5256173780487805 0.18812500000000001 0.03123475609756099 0.05871951219512195
