18 0.63125 0.49624999999999997 0.02498355263157892 0.027483552631578867
14 0.1075 0.12375 0.03749161073825505 0.024991610738255052
13 0.2475 0.543125 0.0699568965517241 0.05620689655172417
06 0.0625 0.5862499999999999 0.04749444444444445 0.01749444444444459
03 0.104375 0.06375 0.02873809523809523 0.06748809523809524
19 0.298125 0.371875 0.04374297752808981 0.028742977528089853
07 0.36812500000000004 0.15875 0.018745098039215702 0.07249509803921568
08 0.614375 0.253125 0.02120689655172403 0.04120689655172413
18 0.830625 0.173125 0.02372844827586229 0.02622844827586207
15 0.73 0.11937500000000001 0.01738636363636381 0.026136363636363638
06 0.31 0.6087464488636363 0.04248579545454545 0.024992897727272756
20 0.618125 0.384375 0.043719512195122046 0.03621951219512198
19 0.73125 0.3425 0.03498214285714285 0.0399821428571428
