20 0.44062500000000004 0.193125 0.02373355263157889 0.016233552631578968
07 0.5756229026845637 0.15000000000000002 0.05374580536912754 0.024991610738255038
13 0.57375 0.628125 0.0649568965517241 0.028706896551724204
15 0.3025 0.9675 0.03499444444444444 0.017494444444444368
20 0.8875 0.276875 0.03998809523809521 0.036238095238095236
02 0.835 0.346875 0.014992977528089813 0.03374297752808986
07 0.691875 0.479375 0.04874509803921567 0.018745098039215646
14 0.565 0.556875 0.03495689655172407 0.04120689655172405
14 0.09937499999999999 0.7806249999999999 0.033728448275862064 0.03872844827586219
20 0.72125 0.42625 0.029886363636363655 0.022386363636363593
20 0.028749999999999998 0.85625 0.03998579545454545 0.027485795454545325
15 0.559375 0.110625 0.026219512195121975 0.01871951219512194
11 0.835 0.951875 0.03248214285714279 0.02123214285714281
