19 0.955 0.6012500000000001 0.03498355263157893 0.039983552631578934
14 0.179375 0.140625 0.01874161073825506 0.03874161073825505
08 0.7806249999999999 0.875625 0.053706896551724115 0.0237068965517242
05 0.839375 0.308125 0.033744444444444355 0.03624444444444447
12 0.05312499999999999 0.32499999999999996 0.07123809523809523 0.05498809523809528
18 0.451875 0.148125 0.021242977528089846 0.023742977528089876
03 0.7206250000000001 0.72375 0.04124509803921572 0.034995098039215744
15 0.586875 0.13125 0.0337068965517241 0.07495689655172412
18 0.56875 0.116875 0.029978448275862046 0.031228448275862075
02 0.0975 0.056874999999999995 0.09488636363636363 0.036136363636363626
20 0.5231250000000001 0.048124999999999994 0.03623579545454547 0.031235795454545454
08 0.933125 0.921875 0.033719512195121926 0.026219512195122086
15 0.08687500000000001 0.56625 0.01623214285714286 0.07748214285714283
