03 0.219375 0.3125 0.026233552631578977 0.04748355263157894
11 0.414375 0.900625 0.031241610738255043 0.03374161073825488
06 0.056875 0.739375 0.013706896551724149 0.03370689655172421
03 0.46687500000000004 0.46625 0.03624444444444447 0.04999444444444445
15 0.081875 0.479375 0.018738095238095234 0.021238095238095278
14 0.870625 0.95 0.08624297752808985 0.027492977528089768
12 0.549375 0.2425 0.05874509803921579 0.042495098039215695
03 0.894375 0.11249999999999999 0.026206896551724146 0.05495689655172413
15 0.6925 0.08 0.03997844827586228 0.022478448275862067
10 0.765625 0.72 0.03613636363636363 0.024886363636363762
