20 0.8787499999999999 0.826875 0.029983552631578925 0.02873355263157895
04 0.03937500000000001 0.0225 0.038741610738255036 0.022491610738255036
06 0.5875 0.12375 0.04495689655172419 0.02745689655172412
10 0.816875 0.72125 0.0362444444444443 0.03249444444444427
10 0.814375 0.275625 0.03873809523809513 0.033738095238095234
14 0.514375 0.48625 0.05624297752808982 0.032492977528089884
00 0.08625 0.41874999999999996 0.027495098039215696 0.029995098039215684
06 0.638114224137931 0.724375 0.021228448275862122 0.0387068965517241
03 0.6837500000000001 0.464375 0.029978448275862157 0.03622844827586208
03 0.59125 0.478125 0.03488636363636355 0.023636363636363622
01 0.26 0.11375 0.04248579545454548 0.04248579545454548
