09 0.5549999999999999 0.14625 0.022483552631578863 0.029983552631578925
13 0.08812500000000001 0.344375 0.018741610738255046 0.07874161073825503
13 0.638125 0.938125 0.06120689655172418 0.026206896551724146
06 0.301875 0.8768750000000001 0.10124444444444447 0.02874444444444435
03 0.156875 0.805625 0.013738095238095244 0.016238095238095163
20 0.330625 0.05 0.023742977528089848 0.02249297752808989
03 0.08499999999999999 0.6937500000000001 0.0324950980392157 0.022495098039215677
13 0.676875 0.2675 0.028706896551724093 0.05245689655172414
03 0.8474999999999999 0.6993750000000001 0.05747844827586224 0.036228448275862246
08 0.37 0.524375 0.04238636363636361 0.023636363636363567
06 0.39875 0.5718749999999999 0.03248579545454544 0.09873579545454547
03 0.8143826219512196 0.042499999999999996 0.03873475609756094 0.029969512195121947
06 0.24124553571428572 0.62375 0.019991071428571427 0.029982142857142846
10 0.893125 0.30625 0.023737500000000078 0.01998749999999999
