10 0.344375 0.31875 0.028733552631578896 0.019983552631578916
06 0.701875 0.24312290268456377 0.056241610738254955 0.05374580536912754
03 0.19125 0.9450000000000001 0.02995689655172412 0.05245689655172414
02 0.36812500000000004 0.3325 0.04124444444444447 0.022494444444444484
04 0.0875 0.485 0.02498809523809524 0.024988095238095254
07 0.39875 0.22125 0.07999297752808987 0.022492977528089875
05 0.3725 0.28875 0.024995098039215735 0.03749509803921569
00 0.414375 0.844375 0.026206896551724146 0.026206896551724146
11 0.609375 0.09375 0.026228448275862126 0.029978448275862074
03 0.270625 0.895625 0.051136363636363674 0.05113636363636376
01 0.45375 0.615625 0.03248579545454544 0.02873579545454552
20 0.06937499999999999 0.16312500000000002 0.028719512195121935 0.02871951219512195
15 0.265625 0.43437499999999996 0.01373214285714286 0.023732142857142813
