03 0.75625 0.588125 0.037483552631578876 0.02873355263157884
19 0.140625 0.294375 0.021241610738255035 0.021241610738255035
18 0.948125 0.703125 0.01370689655172419 0.016206896551724137
13 0.9724999999999999 0.790625 0.03999444444444433 0.031244444444444408
04 0.199375 0.2575 0.021238095238095278 0.02248809523809528
14 0.410625 0.110625 0.02624297752808985 0.031242977528089896
08 0.5018750000000001 0.29125 0.028745098039215766 0.019995098039215675
18 0.64625 0.47 0.01745689655172411 0.019956896551724113
14 0.565 0.25312500000000004 0.01997844827586215 0.031228448275862075
10 0.233125 0.701875 0.013636363636363669 0.01363636363636378
04 0.060625 0.6487499999999999 0.02123579545454545 0.022485795454545432
08 0.006242378048780489 0.739375 0.009984756097560978 0.011219512195121961
02 0.19875 0.803125 0.02248214285714284 0.03873214285714277
06 0.731875 0.729371875 0.0687375 0.023743749999999952
