18 0.42874999999999996 0.826875 0.02998355263157887 0.031233552631578898
12 0.9275 0.7562500000000001 0.0849916107382549 0.07749161073825495
15 0.1775 0.770625 0.032456896551724124 0.05120689655172406
17 0.965625 0.391875 0.043744444444444364 0.056244444444444486
18 0.19187500000000002 0.801875 0.03373809523809526 0.03623809523809518
03 0.5743750000000001 0.87375 0.04624297752808981 0.09499297752808988
15 0.366875 0.85625 0.02624509803921571 0.03499509803921563
08 0.586875 0.339375 0.06120689655172418 0.03870689655172416
01 0.756875 0.635 0.03122844827586224 0.032478448275862104
11 0.44062500000000004 0.949375 0.046136363636363587 0.03113636363636374
07 0.661875 0.5206249999999999 0.06373579545454544 0.03623579545454547
14 0.495 0.188125 0.05746951219512203 0.03121951219512198
08 0.31 0.261875 0.05998214285714287 0.026232142857142843
06 0.74875 0.46562499999999996 0.05498749999999997 0.028737500000000027
