04 0.7849999999999999 0.431875 0.06998355263157896 0.04623355263157891
06 0.84125 0.239375 0.059991610738254875 0.03874161073825502
10 0.901875 0.245625 0.04870689655172411 0.03870689655172416
06 0.60375 0.725625 0.13749444444444447 0.07624444444444434
19 0.89625 0.7893749999999999 0.054988095238095114 0.041238095238095185
14 0.14125 0.821875 0.07999297752808987 0.0787429775280899
02 0.875625 0.7975 0.06874509803921569 0.09249509803921563
11 0.17375000000000002 0.85625 0.05745689655172412 0.032456896551724124
05 0.55 0.298125 0.07997844827586198 0.03622844827586208
19 0.301875 0.6156250000000001 0.056136363636363595 0.05613636363636376
15 0.6975 0.781875 0.09248579545454527 0.13123579545454533
03 0.21375 0.19062500000000002 0.06746951219512198 0.06371951219512195
20 0.08375 0.24125 0.049982142857142864 0.0399821428571428
