10 0.89625 0.295625 0.04248355263157899 0.038733552631579016
11 0.7462500000000001 0.89625 0.049991610738254866 0.03499161073825485
12 0.293125 0.19375 0.06870689655172413 0.10745689655172413
01 0.364375 0.46875 0.03124444444444452 0.02499444444444454
02 0.33125000000000004 0.37 0.049988095238095276 0.054988095238095225
10 0.8131250000000001 0.089375 0.043742977528089866 0.03624297752808989
03 0.73625 0.30625 0.03749509803921569 0.0449950980392157
00 0.39 0.356875 0.04745689655172414 0.046206896551724164
00 0.70875 0.39749999999999996 0.05247844827586223 0.03747844827586205
08 0.28125 0.645 0.022386363636363704 0.05488636363636368
03 0.339375 0.628125 0.05873579545454549 0.058735795454545436
07 0.7581249999999999 0.8218749999999999 0.04621951219512199 0.056219512195122
03 0.8625 0.5218750000000001 0.0424821428571428 0.03123214285714282
11 0.033125 0.45625000000000004 0.048737499999999996 0.034987500000000005
