03 0.53125 0.18 0.03998355263157882 0.03248355263157898
14 0.204375 0.65875 0.023741610738255037 0.024991610738254955
11 0.525625 0.07 0.02120689655172414 0.019956896551724147
05 0.10125 0.501875 0.024994444444444472 0.01624444444444445
15 0.7362500000000001 0.66125 0.009988095238095185 0.01498809523809519
09 0.75875 0.895 0.029992977528089826 0.02499297752808982
04 0.6937500000000001 0.17625000000000002 0.01999509803921573 0.019995098039215703
03 0.9468749999999999 0.12123922413793103 0.02120689655172414 0.027478448275862058
13 0.5787500000000001 0.69 0.03497844827586205 0.04747844827586223
02 0.63375 0.018125 0.02488636363636365 0.021136363636363634
