03 0.13750411184210526 0.925625 0.01249177631578946 0.07873355263157888
10 0.7518750000000001 0.9325 0.028741610738254875 0.024991610738254844
11 0.90375 0.54875 0.02745689655172423 0.02745689655172412
12 0.9725 0.49812500000000004 0.03249444444444438 0.038744444444444526
20 0.8187500000000001 0.88 0.02248809523809514 0.017488095238095136
06 0.6975 0.0675 0.029992977528089826 0.08749297752808989
06 0.373125 0.924375 0.04374509803921567 0.021245098039215704
08 0.744375 0.11875 0.0237068965517242 0.019956896551724113
03 0.629375 0.4375 0.01372844827586206 0.014978448275862033
18 0.485625 0.8981250000000001 0.01613636363636356 0.018636363636363673
03 0.90375 0.134375 0.04248579545454534 0.02123579545454546
20 0.90625 0.983125 0.022469512195121943 0.018719512195122023
