03 0.6231249999999999 0.11499999999999999 0.02123355263157889 0.047483552631578926
12 0.58375 0.6756249999999999 0.04499161073825508 0.046241610738254946
20 0.176875 0.615625 0.04120689655172413 0.028706896551724093
11 0.356875 0.203125 0.04874444444444448 0.04124444444444442
06 0.8775 0.8612500000000001 0.012488095238095132 0.14748809523809514
03 0.29625 0.975625 0.04249297752808984 0.018742977528089844
00 0.37250000000000005 0.140625 0.03499509803921569 0.031245098039215713
02 0.43437499999999996 0.6956249999999999 0.05620689655172412 0.03870689655172421
20 0.159375 0.5518749999999999 0.03622844827586205 0.02372844827586207
13 0.906875 0.180625 0.06613636363636366 0.09863636363636363
