03 0.80125 0.30062500000000003 0.047483552631578885 0.03373355263157901
01 0.39125 0.96875 0.01749161073825506 0.017491610738255003
03 0.11 0.7581249999999999 0.02995689655172412 0.02120689655172414
03 0.583125 0.6981250000000001 0.018744444444444452 0.02874444444444435
01 0.704375 0.35750000000000004 0.021238095238095167 0.01998809523809525
10 0.07375000000000001 0.195625 0.014992977528089882 0.01624297752808984
10 0.42125 0.05875 0.019995098039215675 0.019995098039215696
18 0.46875 0.933125 0.022456896551724115 0.0237068965517242
13 0.346875 0.114375 0.061228448275862046 0.031228448275862075
03 0.016249999999999997 0.931875 0.024886363636363634 0.028636363636363793
10 0.1225 0.14375 0.014985795454545467 0.019985795454545457
08 0.8825 0.6893750000000001 0.07246951219512199 0.053719512195122054
00 0.39749999999999996 0.84375 0.02248214285714284 0.022482142857142895
11 0.205625 0.015625 0.028737500000000027 0.0212375
