17 0.20124999999999998 0.42625 0.04748355263157897 0.047483552631578885
06 0.025 0.43937499999999996 0.017491610738255035 0.043741610738255055
20 0.8987499999999999 0.343125 0.01745689655172422 0.016206896551724137
01 0.18375 0.135 0.017494444444444424 0.01749444444444445
11 0.105625 0.365625 0.033738095238095234 0.04123809523809524
04 0.3825 0.68125 0.039992977528089835 0.0474929775280899
06 0.494375 0.494375 0.12874509803921574 0.06874509803921569
18 0.830625 0.58 0.026206896551724035 0.02745689655172412
15 0.921875 0.053750000000000006 0.02372844827586218 0.07497844827586207
20 0.210625 0.035625000000000004 0.03363636363636366 0.031136363636363636
20 0.593125 0.665 0.033735795454545414 0.024985795454545268
03 0.76125 0.09 0.05496951219512192 0.12246951219512196
