15 0.8868708881578948 0.27875 0.038741776315789456 0.022483552631578974
20 0.19375 0.23062500000000002 0.012491610738255055 0.011241610738255053
03 0.44625000000000004 0.7050000000000001 0.014956896551724108 0.029956896551724177
08 0.2987486111111111 0.5856250000000001 0.014997222222222217 0.023744444444444457
15 0.6100000000000001 0.8731249999999999 0.027488095238095256 0.023738095238095114
15 0.818125 0.854375 0.043742977528089866 0.028742977528089853
20 0.188125 0.47125 0.021245098039215676 0.01999509803921573
03 0.379375 0.76375 0.031206896551724095 0.06745689655172415
03 0.0475 0.27 0.019978448275862072 0.03247844827586205
03 0.226875 0.579375 0.01613636363636367 0.03113636363636363
