08 0.6174999999999999 0.359375 0.03498355263157882 0.026233552631578894
05 0.161875 0.484375 0.02624161073825504 0.05374161073825506
04 0.30062500000000003 0.8025 0.04620689655172411 0.04495689655172419
14 0.35687500000000005 0.24562499999999998 0.07874444444444445 0.03874444444444444
00 0.389375 0.944375 0.036238095238095236 0.03373809523809512
06 0.756875 0.11249999999999999 0.0212429775280899 0.04499297752808988
02 0.521875 0.8087500000000001 0.13624509803921575 0.07249509803921572
14 0.64125 0.49312500000000004 0.039956896551724075 0.06870689655172418
09 0.54375 0.33625 0.06497844827586208 0.049978448275862064
08 0.22812500000000002 0.62875 0.06613636363636369 0.057386363636363624
09 0.663125 0.32625 0.06373579545454544 0.07248579545454548
07 0.643125 0.36250000000000004 0.018719512195121912 0.05496951219512197
00 0.621875 0.623125 0.04123214285714283 0.026232142857142815
06 0.618125 0.13874999999999998 0.11123749999999999 0.01998750000000002
