06 0.31875 0.469375 0.022483552631578974 0.04373355263157891
08 0.615625 0.7349979026845637 0.06874161073825502 0.044995805369127395
18 0.9625 0.510625 0.03745689655172413 0.041206896551724104
14 0.651875 0.2625 0.04624444444444442 0.04499444444444445
01 0.63375 0.38875 0.06498809523809512 0.047488095238095274
20 0.776875 0.1775 0.036242977528089915 0.03499297752808986
08 0.519375 0.73 0.04874509803921573 0.08249509803921562
18 0.2625 0.60375 0.0349568965517241 0.03745689655172413
06 0.25625 0.31125 0.11997844827586207 0.10247844827586211
01 0.374375 0.23375 0.0611363636363636 0.05238636363636365
07 0.42874999999999996 0.900625 0.06998579545454547 0.10123579545454531
08 0.43375 0.935 0.057469512195121975 0.03496951219512201
03 0.46375 0.371875 0.08998214285714279 0.10373214285714283
03 0.8387500000000001 0.343125 0.03748750000000001 0.026237500000000025
