10 0.042499999999999996 0.05375 0.022483552631578953 0.017483552631578955
15 0.6462479026845638 0.979375 0.019995805369127484 0.013741610738254861
10 0.045625 0.31437499999999996 0.02870689655172414 0.023706896551724144
08 0.9675 0.8068736111111111 0.027494444444444377 0.031247222222222204
13 0.803125 0.42000000000000004 0.05123809523809508 0.11248809523809528
14 0.03625 0.081875 0.02749297752808989 0.051242977528089886
11 0.655 0.8025 0.02999509803921574 0.022495098039215677
20 0.095 0.1875 0.03745689655172414 0.032456896551724124
14 0.23875000000000002 0.5856250000000001 0.03997844827586208 0.053728448275862095
18 0.32875 0.54375 0.022386363636363593 0.02488636363636354
04 0.12375 0.569375 0.03248579545454548 0.02873579545454541
14 0.39875 0.775625 0.01746951219512194 0.023719512195121917
