01 0.138125 0.5075 0.06123355263157895 0.0649835526315789
09 0.7481249999999999 0.09 0.09124161073825487 0.07249161073825504
03 0.6443749999999999 0.8525 0.04120689655172416 0.04245689655172413
14 0.37625 0.648125 0.16249444444444444 0.0687444444444445
02 0.171875 0.548125 0.058750000000000024 0.05373809523809525
15 0.37 0.174375 0.029992977528089826 0.06374297752808986
03 0.7849999999999999 0.411875 0.14499509803921573 0.04374509803921567
08 0.369375 0.54 0.04120689655172416 0.0699568965517241
03 0.109375 0.883125 0.08622844827586207 0.053728448275862206
04 0.356875 0.54125 0.051136363636363646 0.05488636363636368
03 0.65875 0.47812499999999997 0.09248579545454538 0.04873579545454543
12 0.8474999999999999 0.230625 0.06996951219512193 0.06621951219512195
05 0.92125 0.748125 0.057482142857142815 0.06623214285714285
03 0.81375 0.2725 0.06248750000000003 0.057487500000000025
