06 0.95875 0.6056250000000001 0.07498355263157896 0.11623355263157886
11 0.71375 0.36125 0.059991610738254986 0.02999161073825507
11 0.661875 0.974375 0.061206896551724066 0.04370689655172422
06 0.05 0.753125 0.04499444444444445 0.04874444444444437
03 0.74875 0.25 0.0399880952380951 0.03498809523809529
08 0.684375 0.8300000000000001 0.016242977528089786 0.03749297752808978
06 0.434375 0.349375 0.05374509803921568 0.06374509803921569
10 0.13 0.910625 0.04245689655172413 0.03120689655172415
18 0.036875 0.353125 0.036228448275862066 0.038728448275862026
06 0.87625 0.065 0.07238636363636375 0.12738636363636363
03 0.921875 0.406875 0.05123579545454526 0.038735795454545474
18 0.62 0.9175 0.0349695121951219 0.03496951219512201
