11 0.809375 0.18625 0.026233552631578894 0.022483552631578974
11 0.849375 0.645 0.031241610738254932 0.024991610738254955
20 0.6012500000000001 0.0225 0.022456896551724115 0.01995689655172414
03 0.21000000000000002 0.27625 0.039994444444444416 0.05499444444444443
13 0.558125 0.81 0.01873809523809533 0.06748809523809507
15 0.698125 0.246875 0.02124297752808979 0.04874297752808987
04 0.32437499999999997 0.9156249999999999 0.033745098039215715 0.02374509803921565
09 0.47562499999999996 0.536875 0.023706896551724144 0.036206896551724155
03 0.67125 0.484375 0.05247844827586223 0.03872844827586208
10 0.340625 0.360625 0.026136363636363624 0.028636363636363626
10 0.5081249999999999 0.704375 0.013735795454545507 0.016235795454545343
01 0.319375 0.25 0.016219512195121966 0.014969512195121992
