06 0.31625000000000003 0.69875 0.042483552631578936 0.05248355263157889
12 0.08000000000000002 0.195 0.047491610738255044 0.01999161073825506
03 0.0625 0.08812500000000001 0.027456896551724147 0.013706896551724121
06 0.8218749999999999 0.219375 0.01874444444444434 0.021244444444444427
08 0.451875 0.385625 0.01123809523809527 0.018738095238095276
02 0.90125 0.30437499999999995 0.009992977528089808 0.02624297752808985
04 0.910625 0.731875 0.018745098039215646 0.018745098039215757
04 0.609375 0.634375 0.016206896551724137 0.016206896551724137
10 0.391875 0.485 0.016228448275862062 0.01747844827586209
03 0.02565340909090909 0.673125 0.01369318181818182 0.01363636363636378
01 0.673125 0.94125 0.016235795454545343 0.01498579545454537
03 0.94625 0.195 0.01746951219512194 0.017469512195121967
02 0.665 0.826875 0.014982142857142833 0.05623214285714284
