06 0.568125 0.49312500000000004 0.006233552631578876 0.038733552631578905
03 0.255 0.076875 0.012491610738255027 0.02124161073825505
19 0.721875 0.16125 0.023706896551724088 0.02995689655172412
14 0.558125 0.629375 0.02874444444444446 0.018744444444444452
03 0.865 0.355 0.02248809523809514 0.027488095238095256
03 0.15625 0.22625 0.03499297752808986 0.029992977528089854
08 0.32375 0.6799999999999999 0.02499509803921568 0.02999509803921574
00 0.9762500000000001 0.054375 0.022456896551724115 0.013706896551724149
04 0.968125 0.325 0.02372844827586218 0.024978448275862042
01 0.52625 0.41125 0.014886363636363642 0.012386363636363584
03 0.730625 0.1 0.0287357954545453 0.027485795454545478
20 0.08374999999999999 0.414375 0.01496951219512195 0.016219512195121966
03 0.8425 0.909375 0.019982142857142837 0.023732142857142757
07 0.54875 0.409375 0.009987500000000038 0.036237500000000034
