06 0.938125 0.57625 0.033733552631578956 0.02498355263157892
20 0.568125 0.808125 0.018741610738254977 0.018741610738254977
03 0.19375 0.715625 0.044956896551724135 0.053706896551724115
03 0.5318750000000001 0.6043736111111111 0.03124444444444452 0.04624722222222222
03 0.238125 0.24875000000000003 0.0437380952380953 0.07498809523809527
09 0.03 0.486875 0.04499297752808989 0.023742977528089848
18 0.05 0.37375 0.02249509803921569 0.02499509803921568
20 0.21437499999999998 0.25312500000000004 0.04120689655172413 0.028706896551724148
00 0.18 0.057499999999999996 0.03497844827586205 0.02247844827586206
06 0.21375 0.97875 0.01488636363636367 0.03738636363636383
15 0.90125 0.6575 0.03498579545454539 0.04748579545454534
03 0.734375 0.765625 0.03121951219512198 0.04621951219512188
20 0.7475 0.5125 0.022482142857142784 0.022482142857142784
