14 0.738125 0.08937499999999998 0.026233552631578894 0.038733552631578946
03 0.54375 0.294375 0.03249161073825502 0.021241610738255035
03 0.26875000000000004 0.6993750000000001 0.019956896551724113 0.023706896551724088
03 0.44625000000000004 0.2 0.017494444444444535 0.039994444444444416
03 0.185 0.3875 0.024988095238095254 0.047488095238095274
02 0.435 0.686875 0.04249297752808989 0.03874297752808986
02 0.1025 0.556875 0.062495098039215685 0.04124509803921561
15 0.775625 0.059375 0.01370689655172419 0.02120689655172414
03 0.41000000000000003 0.40375 0.017478448275862035 0.0274784482758621
01 0.256875 0.935 0.0186363636363637 0.012386363636363806
02 0.22749999999999998 0.1375 0.04248579545454548 0.02248579545454546
04 0.28625 0.433125 0.029969512195122006 0.023719512195121972
