03 0.815 0.9568749999999999 0.039983552631578934 0.043733552631578854
09 0.7987500000000001 0.42125 0.12249161073825487 0.05749161073825504
19 0.841875 0.436875 0.06870689655172413 0.04620689655172411
06 0.15187499999999998 0.826875 0.10874444444444445 0.17374444444444437
06 0.499375 0.6331249999999999 0.13873809523809527 0.07623809523809522
07 0.14250175561797754 0.0625 0.05499648876404496 0.0824929775280899
03 0.498125 0.1425 0.07624509803921564 0.03999509803921568
07 0.7975 0.915625 0.12245689655172409 0.018706896551724084
03 0.7918750000000001 0.71875 0.0487284482758622 0.03497844827586216
18 0.9475 0.430625 0.039886363636363775 0.043636363636363584
01 0.661875 0.148125 0.051235795454545374 0.05123579545454546
19 0.7418750000000001 0.6625000000000001 0.07621951219512202 0.047469512195121966
