07 0.8468791118421053 0.4075 0.04624177631578941 0.1274835526315789
08 0.0525 0.41374999999999995 0.027491610738255026 0.07499161073825505
07 0.583125 0.84875 0.061206896551724066 0.05995689655172409
03 0.08812500000000001 0.24812499999999998 0.056244444444444444 0.03374444444444444
01 0.320625 0.6225 0.02873809523809523 0.019988095238095194
08 0.609375 0.8925 0.06624297752808994 0.049992977528089844
03 0.61375 0.9293750000000001 0.059995098039215655 0.056245098039215624
05 0.97 0.641875 0.02745689655172412 0.06620689655172418
11 0.47125 0.22812500000000002 0.04497844827586206 0.04372844827586206
18 0.901875 0.6268750000000001 0.033636363636363686 0.03613636363636363
06 0.9531285511363636 0.5375000000000001 0.03624289772727263 0.037485795454545445
