20 0.97375 0.795625 0.02498355263157892 0.018733552631578942
18 0.486875 0.06 0.02624161073825504 0.027491610738255033
03 0.47124999999999995 0.49375 0.03995689655172413 0.03995689655172413
19 0.415625 0.81125 0.04374444444444453 0.027494444444444377
14 0.483125 0.53 0.036238095238095236 0.03498809523809532
08 0.7025 0.45499999999999996 0.01749297752808987 0.04749297752808984
12 0.581875 0.33125 0.028745098039215655 0.0474950980392157
00 0.037500000000000006 0.6725 0.032456896551724145 0.03495689655172418
06 0.36624999999999996 0.5375000000000001 0.024978448275862097 0.032478448275862104
20 0.4575 0.5675 0.014886363636363587 0.014886363636363642
14 0.015621448863636363 0.5293749999999999 0.028742897727272728 0.0187357954545454
20 0.69875 0.838125 0.01746951219512205 0.018719512195122023
