12 0.37375 0.845 0.08498355263157892 0.09248355263157892
01 0.7831250000000001 0.9668749999999999 0.04874161073825489 0.04124161073825483
06 0.88625 0.5637392241379311 0.1699568965517242 0.04497844827586206
15 0.756875 0.5025000000000001 0.04624444444444442 0.06999444444444453
20 0.53 0.671875 0.05748809523809528 0.04373809523809502
20 0.28625 0.6937500000000001 0.06499297752808986 0.06499297752808986
04 0.563125 0.95 0.07624509803921575 0.07749509803921562
18 0.14125 0.94875 0.04745689655172412 0.049956896551724084
00 0.6675 0.46 0.05747844827586224 0.049978448275862064
00 0.63 0.875 0.07738636363636364 0.05238636363636373
03 0.5475 0.284375 0.0999857954545455 0.08623579545454549
