03 0.113125 0.128125 0.01623355263157894 0.041233552631578935
00 0.815625 0.143125 0.03124161073825482 0.031241610738255043
20 0.36 0.971875 0.019956896551724113 0.018706896551724195
01 0.04 0.270625 0.02999444444444445 0.02874444444444446
03 0.78375 0.47 0.019988095238095194 0.07248809523809524
03 0.2225 0.59625 0.052492977528089846 0.07249297752808992
03 0.75875 0.135 0.01999509803921573 0.029995098039215698
03 0.708125 0.781875 0.028706896551724093 0.03370689655172421
03 0.27812499999999996 0.715625 0.031228448275862075 0.04122844827586214
03 0.5475000000000001 0.923125 0.0323863636363636 0.0486363636363637
08 0.023125 0.875 0.04373579545454545 0.03498579545454539
04 0.10874999999999999 0.491875 0.03496951219512194 0.023719512195122028
