03 0.655625 0.54625 0.07623355263157894 0.027483552631578867
19 0.390625 0.396875 0.01624161073825503 0.02124161073825509
03 0.735 0.46875 0.024956896551724173 0.0724568965517241
03 0.5506249999999999 0.164375 0.023744444444444457 0.04374444444444445
03 0.56 0.39437500000000003 0.03998809523809521 0.0437380952380953
03 0.330625 0.975625 0.036242977528089804 0.026242977528089795
15 0.1375 0.58625 0.03999509803921571 0.09999509803921569
07 0.30375 0.788125 0.02745689655172412 0.12870689655172407
14 0.249375 0.188125 0.043728448275862086 0.06372844827586208
04 0.238125 0.28625 0.04113636363636369 0.029886363636363655
20 0.82125 0.35625 0.037485795454545334 0.02498579545454549
