08 0.215625 0.2575 0.02873355263157898 0.01748355263157897
03 0.36250000000000004 0.930625 0.022491610738255063 0.021241610738254924
08 0.96625 0.9475 0.012456896551724106 0.012456896551724217
03 0.026250000000000002 0.889375 0.019994444444444443 0.033744444444444355
12 0.0375 0.113125 0.02998809523809523 0.03123809523809523
20 0.47625 0.781875 0.019992977528089817 0.02124297752808979
09 0.74875 0.106875 0.014995098039215726 0.031245098039215685
15 0.075 0.720625 0.014956896551724136 0.006206896551724128
12 0.67875 0.7925 0.039978448275862166 0.03997844827586228
09 0.92875 0.5193749999999999 0.022386363636363704 0.02113636363636362
03 0.236875 0.770625 0.016235795454545454 0.021235795454545237
03 0.34875 0.250625 0.05246951219512197 0.023719512195122
