01 0.850625 0.8675 0.013733552631578938 0.014983552631578911
03 0.22749999999999998 0.9775 0.024991610738255038 0.024991610738254955
14 0.535625 0.06125 0.05120689655172406 0.02995689655172415
20 0.18375 0.13125 0.03499444444444444 0.027494444444444446
15 0.699375 0.815 0.028738095238095118 0.024988095238095087
15 0.460625 0.171875 0.053742977528089875 0.02874297752808988
03 0.301875 0.22 0.0162450980392157 0.06999509803921572
13 0.09875 0.8025 0.11245689655172414 0.04495689655172419
03 0.7262500000000001 0.37 0.04497844827586228 0.06747844827586202
20 0.983125 0.57875 0.018636363636363784 0.019886363636363535
