20 0.9468749999999999 0.503125 0.018733552631578942 0.02123355263157889
03 0.6937500000000001 0.231875 0.06749161073825494 0.031241610738255043
18 0.129375 0.895625 0.026206896551724132 0.028706896551724093
11 0.60625 0.049375 0.0374944444444445 0.023744444444444443
18 0.186875 0.296875 0.026238095238095255 0.02873809523809523
03 0.56875 0.473125 0.07249297752808981 0.03624297752808986
04 0.10250000000000001 0.30562500000000004 0.03999509803921568 0.02874509803921571
08 0.354375 0.3325 0.04870689655172411 0.057456896551724146
20 0.420625 0.32499999999999996 0.028728448275862017 0.027478448275862044
07 0.241875 0.774375 0.09363636363636366 0.016136363636363726
