09 0.14875 0.5687500000000001 0.024983552631578948 0.04248355263157888
04 0.0375 0.053750000000000006 0.04499161073825503 0.044991610738255035
01 0.86 0.20375 0.029956896551724066 0.027456896551724147
14 0.7806249999999999 0.8300000000000001 0.08124444444444434 0.047494444444444395
04 0.39625 0.1225 0.05248809523809528 0.03498809523809525
11 0.6812499999999999 0.54 0.04499297752808984 0.039992977528089835
15 0.55125 0.6168750000000001 0.03999509803921564 0.06124509803921574
14 0.675 0.396875 0.05495689655172409 0.05370689655172417
07 0.565 0.3531196120689655 0.14997844827586204 0.061239224137931036
01 0.23875 0.1 0.027386363636363653 0.024886363636363637
