20 0.485625 0.6912499999999999 0.02623355263157895 0.019983552631578916
03 0.29125 0.25187499999999996 0.02999161073825507 0.03874161073825505
12 0.39437500000000003 0.06999999999999999 0.04620689655172411 0.05495689655172414
03 0.14875 0.7068749999999999 0.03249444444444444 0.026244444444444404
08 0.8981250000000001 0.28875 0.031238095238095176 0.0149880952380953
03 0.15187499999999998 0.525625 0.023742977528089876 0.023742977528089848
12 0.795625 0.771875 0.03374509803921566 0.03624509803921572
04 0.6475 0.36 0.022456896551724115 0.019956896551724113
07 0.19124999999999998 0.70375 0.019978448275862065 0.04497844827586217
14 0.25 0.055 0.014886363636363642 0.02738636363636364
12 0.3175 0.47812499999999997 0.05748579545454546 0.058735795454545436
