03 0.838125 0.11875 0.0362335526315789 0.04998355263157893
03 0.7237499999999999 0.040625 0.0274916107382549 0.06624161073825503
09 0.2275 0.06937499999999999 0.03995689655172413 0.02870689655172414
03 0.750625 0.23062500000000002 0.033744444444444355 0.01374444444444442
14 0.84875 0.09125 0.037488095238095154 0.034988095238095235
08 0.37625 0.323125 0.027492977528089824 0.03374297752808986
09 0.17125 0.2175 0.029995098039215712 0.022495098039215677
01 0.513125 0.389375 0.03120689655172415 0.023706896551724144
15 0.37124999999999997 0.42562500000000003 0.03247844827586205 0.02622844827586207
00 0.45687500000000003 0.325625 0.03613636363636358 0.026136363636363624
