17 0.30874999999999997 0.91875 0.039983552631578934 0.04248355263157888
01 0.611875 0.551875 0.02374161073825498 0.02624161073825504
18 0.47875 0.86125 0.024956896551724117 0.02745689655172412
05 0.22625 0.274375 0.03249444444444444 0.0512444444444444
03 0.643125 0.29375 0.16373809523809513 0.09998809523809526
18 0.328125 0.29500000000000004 0.023742977528089848 0.027492977528089824
14 0.36875 0.52875 0.029995098039215684 0.05999509803921571
05 0.730614224137931 0.77125 0.053728448275862095 0.024956896551724173
08 0.203125 0.23249999999999998 0.043728448275862086 0.049978448275862036
15 0.250625 0.895625 0.03363636363636366 0.04113636363636375
06 0.7068749999999999 0.02375 0.11873579545454527 0.019985795454545457
