03 0.666875 0.77625 0.033733552631578956 0.04248355263157899
03 0.08750000000000001 0.5856250000000001 0.08999161073825504 0.06124161073825507
03 0.90625 0.65125 0.08745689655172417 0.07495689655172422
06 0.8875 0.7718750000000001 0.14499444444444431 0.09124444444444435
11 0.506875 0.2175 0.05373809523809525 0.05248809523809528
11 0.806875 0.5700000000000001 0.05124297752808982 0.03499297752808983
18 0.5275000000000001 0.301875 0.03499509803921563 0.03624509803921572
03 0.365 0.509375 0.0749568965517241 0.09870689655172415
00 0.51125 0.4325 0.05247844827586201 0.039978448275862055
06 0.753125 0.261875 0.03113636363636374 0.06613636363636369
03 0.186875 0.03874999999999999 0.04623579545454545 0.03998579545454545
08 0.7525 0.3025 0.09496951219512206 0.07246951219512199
03 0.495625 0.7793749999999999 0.04623214285714283 0.0737321428571428
