03 0.413125 0.640625 0.026233552631578894 0.011233552631578991
18 0.6275 0.174375 0.017491610738255114 0.021241610738255035
15 0.34187500000000004 0.049375 0.04620689655172411 0.033706896551724146
18 0.495625 0.94 0.013744444444444504 0.017494444444444368
03 0.691875 0.35250000000000004 0.041238095238095074 0.024988095238095254
18 0.24375 0.144375 0.017492977528089815 0.0187429775280899
08 0.71625 0.78625 0.01999509803921573 0.01999509803921562
18 0.4 0.21125 0.019956896551724113 0.022456896551724115
14 0.7106250000000001 0.5081249999999999 0.02372844827586229 0.053728448275862095
08 0.9143749999999999 0.530625 0.02363636363636379 0.031136363636363518
03 0.650625 0.930625 0.03623579545454547 0.021235795454545348
03 0.111875 0.128125 0.05121951219512194 0.02871951219512195
