20 0.15750000000000003 0.45875 0.019983552631578944 0.014983552631578911
06 0.5900000000000001 0.8518749999999999 0.0699916107382551 0.02374161073825498
08 0.9437500000000001 0.26625 0.012456896551724106 0.04745689655172411
06 0.6381249999999999 0.06062499999999999 0.061244444444444435 0.04124444444444443
12 0.42 0.975625 0.03248809523809526 0.03373809523809512
12 0.10124999999999999 0.635 0.054992977528089876 0.05249297752808979
03 0.77 0.11875 0.034995098039215744 0.029995098039215684
00 0.499375 0.796875 0.021206896551724086 0.02120689655172403
10 0.9768749999999999 0.9293750000000001 0.021228448275862122 0.021228448275862122
20 0.155625 0.96 0.016136363636363643 0.014886363636363753
