03 0.09937499999999999 0.184375 0.036233552631578944 0.05123355263157897
09 0.45375 0.143125 0.04499161073825503 0.033741610738255046
01 0.833125 0.19 0.03120689655172404 0.024956896551724117
18 0.238125 0.7081249999999999 0.02624444444444446 0.02874444444444435
18 0.8831249999999999 0.47062499999999996 0.02623809523809506 0.028738095238095285
07 0.7025 0.014998244382022472 0.049992977528089844 0.022496488764044944
14 0.93875 0.65375 0.024995098039215735 0.03749509803921569
03 0.16 0.95625 0.032456896551724124 0.04495689655172408
03 0.839375 0.025625000000000002 0.03122844827586224 0.02622844827586207
12 0.388125 0.503125 0.051136363636363646 0.05113636363636359
03 0.14125 0.500625 0.039985795454545475 0.03623579545454553
06 0.77875 0.173125 0.027469512195121948 0.13371951219512196
03 0.903125 0.074375 0.036232142857142824 0.08373214285714287
11 0.615625 0.6837500000000001 0.033737499999999976 0.03748750000000001
