11 0.6575 0.6525000000000001 0.027483552631578867 0.029983552631578925
06 0.12875 0.315 0.05499161073825505 0.06249161073825504
14 0.4125 0.52875 0.017456896551724166 0.012456896551724106
03 0.62 0.080625 0.01749444444444448 0.018744444444444452
02 0.1175 0.855 0.019988095238095235 0.02248809523809514
03 0.8087500000000001 0.13 0.014992977528089813 0.02249297752808989
06 0.5800012254901961 0.26 0.029997549019607828 0.09249509803921566
11 0.14625 0.0875 0.022456896551724143 0.01995689655172414
18 0.74625 0.548125 0.012478448275862197 0.01372844827586206
04 0.48062499999999997 0.534375 0.023636363636363622 0.02113636363636362
