18 0.26625 0.875625 0.02998355263157898 0.033733552631578956
18 0.39375 0.63625 0.024991610738255066 0.027491610738255012
03 0.770625 0.060625 0.0387068965517241 0.03620689655172415
06 0.16249999999999998 0.7618750000000001 0.06499444444444444 0.09124444444444435
19 0.40249999999999997 0.7581249999999999 0.05748809523809523 0.02623809523809506
08 0.8356250000000001 0.5231250000000001 0.04874297752808976 0.05624297752808982
08 0.304375 0.77125 0.03624509803921572 0.042495098039215695
03 0.9668749999999999 0.044375000000000005 0.023706896551724088 0.03120689655172414
06 0.690625 0.39375000000000004 0.028728448275862184 0.15247844827586204
03 0.8200284090909091 0.97375 0.01744318181818183 0.029886363636363766
14 0.419375 0.17375000000000002 0.031235795454545467 0.07248579545454545
08 0.9775 0.45625 0.019969512195121997 0.03246951219512195
