03 0.956875 0.934375 0.04623355263157891 0.02873355263157895
15 0.791875 0.844375 0.011241610738254915 0.018741610738254977
06 0.59 0.775625 0.02745689655172412 0.1012068965517241
18 0.551875 0.464375 0.018744444444444452 0.02124444444444451
08 0.315625 0.825 0.03623809523809529 0.03998809523809521
15 0.08937500000000001 0.06125 0.04624297752808988 0.019992977528089893
15 0.73 0.690625 0.004995098039215717 0.02624509803921571
03 0.200625 0.44125 0.013706896551724135 0.04245689655172413
08 0.671875 0.188125 0.03122844827586224 0.04372844827586206
03 0.289375 0.595 0.028636363636363682 0.02488636363636365
12 0.424375 0.18562499999999998 0.03623579545454547 0.04123579545454545
