08 0.6487499999999999 0.8500000000000001 0.07498355263157885 0.03248355263157887
03 0.06625 0.6950000000000001 0.05999161073825504 0.034991610738254963
03 0.478125 0.54 0.048706896551724166 0.11495689655172414
04 0.85375 0.391875 0.047494444444444284 0.04624444444444448
18 0.745625 0.9075 0.031238095238095065 0.03248809523809515
02 0.12625 0.45687500000000003 0.032492977528089884 0.048742977528089815
06 0.6375 0.042499999999999996 0.13249509803921578 0.009995098039215687
20 0.08625 0.166875 0.017456896551724138 0.013706896551724135
14 0.07625 0.6268750000000001 0.03497844827586207 0.0487284482758622
04 0.643125 0.229375 0.03113636363636363 0.023636363636363678
03 0.4325 0.7425 0.0349857954545455 0.037485795454545334
13 0.295 0.6525000000000001 0.06746951219512198 0.03746951219512196
03 0.19062946428571428 0.95 0.05124107142857143 0.022482142857142784
