13 0.5925 0.250625 0.06998355263157885 0.08373355263157897
12 0.6231249999999999 0.44125000000000003 0.06374161073825502 0.05999161073825504
03 0.224375 0.580625 0.06620689655172415 0.06620689655172407
07 0.763125 0.22812500000000002 0.031244444444444297 0.07874444444444442
01 0.858125 0.6168750000000001 0.04623809523809508 0.02873809523809523
15 0.34187500000000004 0.43125 0.041242977528089864 0.049992977528089844
20 0.9125 0.66875 0.027495098039215682 0.024995098039215624
07 0.69875 0.48 0.039956896551724075 0.07995689655172411
15 0.9068750000000001 0.8287500000000001 0.03872844827586219 0.03747844827586222
19 0.7168749999999999 0.8187500000000001 0.036136363636363744 0.03488636363636377
