03 0.9237500000000001 0.385625 0.11248355263157894 0.11373355263157892
17 0.39 0.91625 0.08749161073825507 0.08749161073825484
13 0.331875 0.86375 0.13620689655172413 0.1374568965517241
20 0.556875 0.8987499999999999 0.04124444444444442 0.037494444444444386
03 0.215625 0.43062500000000004 0.15873809523809523 0.1062380952380953
20 0.861875 0.545625 0.06374297752808988 0.036242977528089804
20 0.6074999999999999 0.62 0.06249509803921571 0.03999509803921564
19 0.663125 0.22749999999999998 0.053706896551724115 0.08245689655172414
04 0.580625 0.134375 0.068728448275862 0.07872844827586206
03 0.5025 0.24 0.15488636363636366 0.06988636363636366
02 0.889375 0.41000000000000003 0.06123579545454527 0.08248579545454543
14 0.7224999999999999 0.31625 0.04496951219512202 0.06246951219512198
07 0.18437499999999998 0.77875 0.061232142857142846 0.10248214285714285
06 0.606875 0.09812499999999999 0.0587375 0.03373750000000002
