18 0.7893749999999999 0.955625 0.016233552631578996 0.018733552631578942
03 0.81375 0.22062500000000002 0.022491610738254897 0.013741610738255056
03 0.7050000000000001 0.27 0.03495689655172407 0.022456896551724115
03 0.40937500000000004 0.175 0.0762444444444445 0.03499444444444444
18 0.54875 0.9299999999999999 0.009988095238095296 0.012488095238095132
00 0.295625 0.91625 0.01624297752808984 0.012492977528089866
03 0.053125 0.2425 0.026245098039215695 0.022495098039215677
03 0.568125 0.291875 0.03370689655172421 0.013706896551724135
15 0.22999999999999998 0.784375 0.027478448275862072 0.01622844827586223
13 0.3130965909090909 0.134375 0.02619318181818181 0.04863636363636363
09 0.104375 0.6325 0.01873579545454547 0.02498579545454538
03 0.51875 0.330625 0.03496951219512201 0.018719512195122023
