15 0.400625 0.531875 0.028733552631578896 0.023733552631578947
08 0.14625 0.973125 0.024991610738255038 0.02374161073825487
04 0.156875 0.484375 0.021206896551724114 0.01370689655172408
12 0.79125 0.86 0.03249444444444438 0.03499444444444433
03 0.14 0.8612500000000001 0.022488095238095224 0.02248809523809514
03 0.40812499999999996 0.7375 0.01624297752808984 0.01749297752808987
03 0.6475 0.18625 0.022495098039215677 0.017495098039215673
09 0.5987499999999999 0.77 0.032456896551724124 0.03495689655172418
20 0.67875 0.5331250000000001 0.014978448275862255 0.01372844827586206
03 0.06125 0.264375 0.03238636363636363 0.031136363636363684
03 0.6681250000000001 0.221875 0.013735795454545285 0.06373579545454544
