10 0.28500000000000003 0.14875 0.03748355263157893 0.03748355263157896
09 0.8575 0.94375 0.06499161073825488 0.04499161073825486
14 0.560625 0.065625 0.04870689655172411 0.07620689655172413
03 0.93875 0.08875000000000001 0.07749444444444431 0.09499444444444446
19 0.31625000000000003 0.6475 0.04498809523809527 0.06748809523809518
02 0.68875 0.205625 0.05499297752808985 0.061242977528089854
06 0.184375 0.606248774509804 0.1887450980392157 0.0674975490196078
10 0.49750000000000005 0.161875 0.04995689655172414 0.043706896551724134
08 0.25687499999999996 0.206875 0.031228448275862075 0.08122844827586206
20 0.751875 0.8243750000000001 0.04113636363636375 0.03863636363636369
04 0.6543749999999999 0.057499999999999996 0.058735795454545436 0.04248579545454545
