20 0.34625 0.28625 0.03498355263157893 0.024983552631578976
02 0.879375 0.176875 0.031241610738254932 0.021241610738255035
11 0.25312500000000004 0.5 0.028706896551724148 0.02245689655172417
12 0.598125 0.958125 0.036244444444444524 0.04874444444444426
03 0.48687499999999995 0.35125 0.03123809523809523 0.027488095238095256
03 0.133125 0.495 0.016242977528089897 0.02749297752808988
20 0.3775 0.319375 0.024995098039215735 0.021245098039215704
03 0.09937499999999999 0.2925 0.041206896551724145 0.044956896551724135
06 0.05875 0.869375 0.019978448275862058 0.016228448275862117
03 0.503125 0.330625 0.018636363636363618 0.013636363636363558
