07 0.910625 0.699375 0.11623355263157897 0.0362335526315789
08 0.895 0.409375 0.02999161073825496 0.07374161073825503
20 0.11374999999999999 0.705625 0.03495689655172411 0.026206896551724035
18 0.62 0.3675 0.03499444444444455 0.0374944444444445
06 0.106875 0.09437499999999999 0.07373809523809523 0.018738095238095234
03 0.856875 0.07375 0.04124297752808992 0.06499297752808988
01 0.080625 0.24125000000000002 0.026245098039215695 0.02749509803921571
14 0.426875 0.890625 0.023706896551724088 0.046206896551724164
08 0.6456250000000001 0.68125 0.03372844827586208 0.0899784482758621
09 0.8768750000000001 0.135 0.07863636363636373 0.06738636363636365
14 0.561875 0.8625 0.07373579545454545 0.03998579545454539
04 0.41000000000000003 0.46875 0.04496951219512196 0.04496951219512202
