03 0.46875 0.161875 0.02498355263157892 0.016233552631578968
09 0.20375 0.756875 0.024991610738255038 0.026241610738254928
02 0.464375 0.9693750000000001 0.03370689655172415 0.03120689655172415
14 0.83375 0.968125 0.02499444444444432 0.023744444444444346
18 0.064375 0.846875 0.016238095238095225 0.01873809523809511
07 0.295625 0.75875 0.031242977528089855 0.04249297752808989
05 0.09875 0.6825 0.024995098039215694 0.027495098039215682
04 0.7518750000000001 0.21125 0.023706896551724088 0.017456896551724138
03 0.606875 0.94625 0.0637284482758621 0.042478448275862224
10 0.888125 0.1925 0.016136363636363726 0.012386363636363668
05 0.919375 0.329375 0.0187357954545454 0.028735795454545465
06 0.3275 0.06375 0.029969512195122006 0.022469512195121943
04 0.9081250000000001 0.34562499999999996 0.018732142857142864 0.01873214285714281
