01 0.385625 0.276875 0.05623355263157892 0.05123355263157897
08 0.5506249999999999 0.07875000000000001 0.03374161073825499 0.09749161073825505
03 0.619375 0.330625 0.04370689655172422 0.07370689655172413
19 0.03125 0.369375 0.022494444444444442 0.033744444444444466
08 0.20500000000000002 0.289375 0.07998809523809527 0.11123809523809525
18 0.124375 0.9175 0.04124297752808989 0.04499297752808984
15 0.7175 0.49062500000000003 0.049995098039215646 0.0837450980392157
06 0.47562499999999996 0.88125 0.10620689655172416 0.19245689655172415
03 0.281875 0.47250000000000003 0.09622844827586205 0.062478448275862075
15 0.6174999999999999 0.32499999999999996 0.06988636363636369 0.04988636363636362
06 0.335625 0.35750000000000004 0.05373579545454543 0.032485795454545496
07 0.353125 0.6956249999999999 0.06871951219512201 0.053719512195122054
