03 0.11250000000000002 0.46062499999999995 0.037483552631578945 0.0337335526315789
06 0.818125 0.9724999999999999 0.011241610738254915 0.03749161073825491
03 0.975 0.85375 0.024956896551724173 0.029956896551724066
03 0.964375 0.7350000000000001 0.043744444444444364 0.07999444444444437
20 0.201875 0.724375 0.013738095238095271 0.016238095238095163
04 0.23812499999999998 0.6950000000000001 0.038742977528089834 0.029992977528089937
09 0.59375 0.13 0.05249509803921559 0.05749509803921571
11 0.578125 0.68125 0.03370689655172421 0.039956896551724075
15 0.821875 0.893125 0.09622844827586219 0.028728448275862184
01 0.6012500000000001 0.09812499999999999 0.022386363636363593 0.01613636363636363
19 0.635 0.41625 0.019985795454545374 0.04248579545454545
