12 0.909375 0.42625 0.05373355263157886 0.0724835526315789
00 0.6174999999999999 0.796875 0.042491610738255026 0.031241610738254932
15 0.075625 0.92375 0.038706896551724136 0.04745689655172414
13 0.06937499999999999 0.4225 0.10124444444444444 0.05999444444444452
03 0.8674999999999999 0.066875 0.014988095238095078 0.06123809523809524
03 0.5868732443820224 0.8243750000000001 0.043746488764044966 0.036242977528089804
02 0.181875 0.18937500000000002 0.053745098039215705 0.05874509803921571
00 0.39625 0.13437500000000002 0.044956896551724135 0.04120689655172413
03 0.06937499999999999 0.9512499999999999 0.036228448275862066 0.03497844827586227
03 0.4075 0.08124999999999999 0.03238636363636355 0.08988636363636363
18 0.84125 0.5675 0.03248579545454533 0.03498579545454539
18 0.773125 0.233125 0.03121951219512198 0.03371951219512198
