03 0.406875 0.19125 0.013733552631578883 0.034983552631578985
04 0.738125 0.465625 0.031241610738254932 0.031241610738255043
03 0.43 0.819375 0.032456896551724124 0.02120689655172414
12 0.278125 0.30374999999999996 0.023744444444444457 0.027494444444444432
14 0.026875 0.34062499999999996 0.03873809523809524 0.02373809523809528
03 0.776875 0.07875 0.026242977528089906 0.04249297752808989
07 0.16749999999999998 0.315 0.022495098039215705 0.042495098039215695
11 0.046875 0.84125 0.02870689655172414 0.022456896551724115
03 0.16125 0.674375 0.019978448275862065 0.036228448275862246
18 0.8831249999999999 0.113125 0.018636363636363673 0.021136363636363634
06 0.2075 0.963125 0.05498579545454546 0.06873579545454533
03 0.035625 0.500625 0.01621951219512195 0.05371951219512194
12 0.455 0.025625000000000002 0.039982142857142855 0.026232142857142857
