14 0.9299999999999999 0.450625 0.04498355263157883 0.02873355263157895
04 0.7462500000000001 0.888125 0.0274916107382549 0.028741610738254875
03 0.718125 0.853125 0.036206896551724155 0.026206896551724146
15 0.684375 0.5349999999999999 0.03874444444444436 0.029994444444444546
08 0.52125 0.92125 0.02248809523809525 0.04748809523809516
06 0.29312499999999997 0.649375 0.10624297752808984 0.016242977528089786
11 0.739375 0.20937499999999998 0.028745098039215655 0.031245098039215685
05 0.09125 0.08374999999999999 0.027456896551724133 0.027456896551724133
14 0.6912499999999999 0.063125 0.024978448275862264 0.04122844827586206
13 0.12125000000000001 0.8643749999999999 0.11738636363636365 0.026136363636363735
18 0.264375 0.32125000000000004 0.018735795454545456 0.022485795454545487
11 0.24062499999999998 0.78 0.036219512195121956 0.024969512195122
03 0.6656249999999999 0.18937500000000002 0.05123214285714284 0.05123214285714281
