07 0.969375 0.8318749999999999 0.016233552631578885 0.051233552631578916
00 0.8768750000000001 0.045 0.018741610738254866 0.014991610738255029
03 0.580625 0.77625 0.016206896551724026 0.014956896551724164
04 0.595 0.104375 0.022494444444444484 0.02124444444444447
03 0.32375 0.395625 0.014988095238095245 0.02873809523809523
03 0.811875 0.5775 0.016242977528089897 0.03249297752808977
03 0.5175000000000001 0.34875 0.024995098039215624 0.022495098039215677
03 0.244375 0.35375 0.02120689655172414 0.01745689655172411
09 0.114375 0.64875 0.03622844827586208 0.039978448275862055
19 0.424375 0.5856250000000001 0.013636363636363558 0.03113636363636363
15 0.269375 0.5231250000000001 0.031235795454545467 0.016235795454545454
14 0.35875 0.9412499999999999 0.019969512195121997 0.024969512195122
03 0.46687500000000004 0.290625 0.01873214285714281 0.03373214285714282
