04 0.078125 0.1725 0.02623355263157895 0.02748355263157895
14 0.653125 0.621875 0.02624161073825504 0.02624161073825504
14 0.738125 0.5075000000000001 0.036206896551724155 0.05995689655172415
06 0.5587500000000001 0.82375 0.009994444444444528 0.05999444444444435
04 0.709375 0.36875 0.02623809523809517 0.024988095238095254
06 0.5225 0.36625 0.0699929775280898 0.049992977528089844
08 0.22875 0.128125 0.012495098039215696 0.03874509803921569
07 0.7375 0.409375 0.01745689655172411 0.04120689655172416
03 0.725 0.190625 0.024978448275862153 0.026228448275862043
05 0.46875 0.206875 0.012386363636363584 0.031136363636363684
06 0.439375 0.281875 0.06873579545454545 0.02373579545454546
02 0.114375 0.9593750000000001 0.01371951219512195 0.03621951219512198
13 0.498125 0.28 0.04123214285714283 0.04248214285714286
04 0.344375 0.940625 0.028737500000000027 0.03123750000000003
