19 0.15937500000000002 0.9612499999999999 0.031233552631578954 0.019983552631578916
14 0.29875 0.9099999999999999 0.024991610738255066 0.03749161073825491
03 0.47125 0.04625 0.02745689655172412 0.01995689655172414
06 0.216875 0.34687500000000004 0.048744444444444424 0.023744444444444512
09 0.82875 0.48625 0.027488095238095145 0.03498809523809532
03 0.836875 0.566875 0.026242977528089795 0.018742977528089844
10 0.64625 0.840625 0.022495098039215677 0.021245098039215704
05 0.571875 0.37 0.026206896551724146 0.02995689655172412
14 0.6468750000000001 0.82375 0.026228448275862237 0.024978448275862153
03 0.296875 0.756875 0.028636363636363682 0.026136363636363735
03 0.744375 0.7825 0.05623579545454538 0.05748579545454535
03 0.208125 0.684375 0.016219512195121966 0.03371951219512204
14 0.589375 0.5956250000000001 0.026232142857142815 0.033732142857142766
