03 0.6799999999999999 0.12875 0.03748355263157899 0.08998355263157896
00 0.468125 0.90875 0.07624161073825508 0.06249161073825482
03 0.849375 0.5237499999999999 0.03370689655172421 0.11995689655172409
08 0.235 0.04875 0.057494444444444404 0.03749444444444444
03 0.9299999999999999 0.4812470238095238 0.0924880952380952 0.05999404761904764
05 0.780625 0.9068750000000001 0.0787429775280899 0.043742977528089866
01 0.508125 0.499375 0.07874509803921576 0.07624509803921575
06 0.5706249999999999 0.15875 0.07620689655172408 0.20995689655172414
02 0.1575 0.044375 0.06747844827586208 0.051228448275862065
06 0.42125 0.075625 0.027386363636363598 0.05363636363636364
11 0.849375 0.043125 0.06373579545454533 0.05373579545454545
03 0.40625 0.23625000000000002 0.15746951219512195 0.06246951219512201
