11 0.7275 0.405 0.0624835526315789 0.059983552631578896
20 0.626875 0.206875 0.0537416107382549 0.05124161073825506
07 0.680625 0.11750000000000001 0.08620689655172409 0.12995689655172415
13 0.399375 0.7375 0.1262444444444445 0.18499444444444435
20 0.7775000000000001 0.08125 0.04248809523809516 0.027488095238095228
14 0.745625 0.14875 0.061242977528089826 0.11499297752808986
03 0.536875 0.33625 0.0737450980392157 0.06749509803921572
00 0.379375 0.961875 0.07870689655172414 0.053706896551724115
02 0.685625 0.7625 0.09872844827586214 0.22247844827586227
12 0.13187500000000002 0.1825 0.07613636363636364 0.08738636363636365
14 0.40125 0.39875000000000005 0.04998579545454551 0.12748579545454547
