18 0.286875 0.600625 0.013733552631578938 0.016233552631578885
20 0.039375 0.148125 0.018741610738255032 0.021241610738255035
03 0.5506249999999999 0.930625 0.03120689655172415 0.011206896551724133
09 0.045 0.389375 0.027494444444444446 0.023744444444444512
14 0.549375 0.5225 0.026238095238095283 0.02498809523809531
13 0.614375 0.384375 0.0312429775280898 0.048742977528089815
11 0.7268749999999999 0.453125 0.02374509803921565 0.021245098039215704
02 0.8456250000000001 0.175 0.04620689655172405 0.06495689655172412
03 0.96 0.38375000000000004 0.014978448275862255 0.017478448275862035
14 0.35562499999999997 0.5918749999999999 0.018636363636363618 0.011136363636363611
01 0.676875 0.43062500000000004 0.011235795454545228 0.011235795454545505
14 0.16625 0.104375 0.027469512195121948 0.043719512195121935
05 0.423125 0.28375 0.01873214285714281 0.02748214285714279
