14 0.218125 0.22812500000000002 0.016233552631578968 0.048733552631579
03 0.573125 0.045625 0.018741610738254977 0.03624161073825502
12 0.09687499999999999 0.6799999999999999 0.051206896551724126 0.06995689655172421
04 0.5718749999999999 0.7424999999999999 0.03124444444444452 0.02249444444444426
20 0.631875 0.7925 0.023738095238095225 0.017488095238095136
20 0.661875 0.47875 0.03374297752808986 0.029992977528089826
03 0.6375 0.7749999999999999 0.024995098039215624 0.032495098039215686
08 0.070625 0.3375 0.05870689655172414 0.02245689655172417
10 0.22062500000000002 0.6168750000000001 0.026228448275862043 0.02372844827586207
12 0.91125 0.123125 0.03488636363636366 0.05113636363636362
00 0.8787499999999999 0.275625 0.02248579545454532 0.018735795454545456
08 0.7293750000000001 0.830625 0.03621951219512198 0.026219512195121975
07 0.7731250000000001 0.48187500000000005 0.02123214285714281 0.07873214285714286
14 0.885625 0.4425 0.033737499999999976 0.0324875
