03 0.48250000000000004 0.49624999999999997 0.022483552631578918 0.034983552631578874
13 0.48687499999999995 0.298125 0.046241610738255 0.07374161073825508
03 0.322489224137931 0.900625 0.03247844827586205 0.0237068965517242
05 0.039999999999999994 0.07062500000000001 0.014994444444444442 0.033744444444444445
06 0.03000297619047619 0.871875 0.04999404761904762 0.06373809523809515
08 0.565625 0.7949999999999999 0.01374297752808984 0.014992977528089813
03 0.7725 0.64375 0.012495098039215669 0.022495098039215677
05 0.1175 0.504375 0.014956896551724122 0.0237068965517242
13 0.42000000000000004 0.3325 0.05747844827586207 0.03747844827586205
18 0.133125 0.18375000000000002 0.016136363636363643 0.019886363636363674
