04 0.873125 0.304375 0.04623355263157891 0.03123355263157901
09 0.318125 0.060625 0.033741610738255046 0.06374161073825503
14 0.8162499999999999 0.20500000000000002 0.039956896551724186 0.06245689655172412
02 0.7175 0.531875 0.03999444444444433 0.11124444444444448
18 0.28375 0.731875 0.029988095238095314 0.031238095238095176
06 0.79 0.63 0.12249297752808985 0.014992977528089924
08 0.8087500000000001 0.655 0.01999509803921573 0.07749509803921573
03 0.37124999999999997 0.4875 0.14245689655172417 0.022456896551724115
08 0.34375 0.449375 0.0274784482758621 0.08622844827586207
20 0.37687499999999996 0.27312499999999995 0.02613636363636357 0.02613636363636368
