18 0.40625 0.0525 0.017483552631578858 0.019983552631578957
13 0.6675 0.505625 0.02999161073825496 0.10374161073825511
18 0.65625 0.410625 0.01745689655172411 0.02120689655172414
04 0.7625 0.8500000000000001 0.03249444444444427 0.019994444444444315
03 0.78375 0.515625 0.04748809523809505 0.05873809523809531
14 0.373125 0.36312500000000003 0.018742977528089844 0.04624297752808987
20 0.75375 0.879375 0.014995098039215726 0.013745098039215753
09 0.46499999999999997 0.838125 0.019956896551724113 0.06370689655172412
08 0.9499946120689655 0.32437499999999997 0.02748922413793109 0.041228448275862084
03 0.7262500000000001 0.19 0.019886363636363646 0.06488636363636366
14 0.81875 0.27375 0.03498579545454539 0.037485795454545445
15 0.5525 0.254375 0.039969512195122014 0.04121951219512199
