14 0.8512500000000001 0.125625 0.02498355263157881 0.023733552631578933
15 0.6412520973154363 0.608125 0.019995805369127484 0.023741610738255092
03 0.050625 0.65375 0.02120689655172414 0.019956896551724168
01 0.1875 0.06375 0.017494444444444424 0.01749444444444445
03 0.155 0.294375 0.014988095238095245 0.031238095238095287
20 0.351875 0.93875 0.01374297752808984 0.012492977528089866
10 0.64375 0.593125 0.017495098039215673 0.018745098039215646
03 0.24375000000000002 0.613125 0.009956896551724131 0.018706896551724084
04 0.6993750000000001 0.7987500000000001 0.018728448275862175 0.0174784482758622
11 0.86875 0.44062500000000004 0.019886363636363757 0.018636363636363618
06 0.37625 0.343125 0.012485795454545479 0.051235795454545485
16 0.2875 0.818125 0.027469512195122003 0.02121951219512197
