03 0.35125 0.09937499999999999 0.027483552631578867 0.03373355263157894
08 0.6381249999999999 0.524375 0.006241610738255021 0.013741610738255083
03 0.510625 0.436875 0.046206896551724164 0.03370689655172415
07 0.8106249999999999 0.338125 0.04874444444444437 0.02874444444444446
03 0.208125 0.631875 0.028738095238095285 0.02623809523809517
11 0.5774999999999999 0.6793750000000001 0.022492977528089875 0.0212429775280899
20 0.354375 0.386875 0.013745098039215697 0.011245098039215695
03 0.229375 0.64125 0.02120689655172414 0.02745689655172412
03 0.04375 0.115 0.017478448275862063 0.029978448275862074
13 0.469375 0.40812499999999996 0.07363636363636367 0.023636363636363622
20 0.938125 0.155625 0.01873579545454529 0.016235795454545482
