03 0.855 0.6968749999999999 0.027483552631578867 0.04123355263157891
00 0.696875 0.9668749999999999 0.02374161073825487 0.01624161073825492
09 0.515625 0.46187500000000004 0.02120689655172403 0.03370689655172415
20 0.1825 0.9325 0.017494444444444424 0.01499444444444431
03 0.57375 0.80875 0.0149880952380953 0.0399880952380951
03 0.8275 0.07875 0.019992977528089817 0.04749297752808989
03 0.41125 0.33625000000000005 0.032495098039215686 0.02499509803921568
03 0.0975 0.205625 0.039956896551724144 0.033706896551724125
03 0.09625 0.8743749999999999 0.027478448275862072 0.028728448275862184
03 0.72 0.8143750000000001 0.047386363636363726 0.026136363636363735
20 0.57125 0.133125 0.019985795454545485 0.02123579545454546
