06 0.74875 0.91875 0.017483552631578858 0.027483552631578978
06 0.215 0.440625 0.012491610738255055 0.02624161073825504
14 0.18875 0.700625 0.02745689655172412 0.023706896551724088
05 0.565625 0.9412499999999999 0.011244444444444501 0.027494444444444377
18 0.259375 0.031875 0.016238095238095274 0.018738095238095234
09 0.4799982443820225 0.34375 0.024996488764044922 0.019992977528089817
10 0.7068749999999999 0.765625 0.013745098039215642 0.018745098039215646
01 0.62375 0.5606249999999999 0.02745689655172412 0.02120689655172414
05 0.8075000000000001 0.6499999999999999 0.02747844827586221 0.0174784482758622
15 0.375 0.39437500000000003 0.019886363636363646 0.013636363636363613
05 0.045625 0.560625 0.023735795454545454 0.031235795454545467
01 0.4325 0.12875 0.022469512195121943 0.022469512195121943
04 0.685625 0.45625000000000004 0.026232142857142815 0.027482142857142844
