08 0.32999999999999996 0.264375 0.052483552631578945 0.01623355263157894
03 0.469375 0.858125 0.023741610738255037 0.028741610738254875
03 0.945 0.390625 0.03745689655172413 0.016206896551724137
06 0.605 0.47624999999999995 0.08249444444444443 0.05749444444444446
14 0.40375 0.3125 0.04248809523809527 0.02498809523809531
10 0.235625 0.526875 0.01624297752808984 0.01374297752808984
03 0.39687377450980393 0.278125 0.013747549019607841 0.04374509803921567
03 0.2825 0.3625 0.019956896551724113 0.03745689655172413
18 0.7949999999999999 0.29125 0.01997844827586215 0.022478448275862095
02 0.964375 0.09812499999999999 0.036136363636363744 0.026136363636363638
03 0.15000000000000002 0.111875 0.03748579545454547 0.041235795454545476
03 0.9143749999999999 0.641875 0.02871951219512192 0.026219512195121975
18 0.763125 0.794375 0.023732142857142757 0.026232142857142926
