10 0.6625000000000001 0.071875 0.029983552631578925 0.02623355263157895
14 0.770625 0.374375 0.026241610738254817 0.03624161073825505
14 0.46562499999999996 0.8625 0.01870689655172414 0.022456896551724115
11 0.263125 0.71 0.031244444444444408 0.03249444444444438
09 0.559375 0.698125 0.041238095238095185 0.02623809523809517
03 0.14250000000000002 0.944375 0.02999297752808991 0.03124297752808991
15 0.540625 0.52375 0.028745098039215655 0.03749509803921569
00 0.60625 0.798125 0.019956896551724168 0.01370689655172408
05 0.590625 0.204375 0.036228448275862024 0.021228448275862066
12 0.84875 0.6725000000000001 0.029886363636363766 0.057386363636363735
06 0.039375 0.55125 0.026235795454545453 0.10498579545454545
14 0.9450000000000001 0.923125 0.03496951219512201 0.023719512195122028
