07 0.805625 0.9137500000000001 0.043733552631578854 0.15248355263157898
12 0.5800000000000001 0.19375 0.052491610738255035 0.07499161073825505
06 0.2275 0.17625 0.07995689655172417 0.10745689655172412
03 0.32062500000000005 0.444375 0.031244444444444464 0.0787444444444445
18 0.941875 0.518125 0.031238095238095065 0.033738095238095345
11 0.746875 0.02875 0.05624297752808982 0.03999297752808989
06 0.356875 0.701875 0.06374509803921569 0.17124509803921573
03 0.708125 0.48250000000000004 0.061206896551724066 0.04995689655172414
09 0.320625 0.514375 0.04622844827586203 0.04622844827586203
04 0.20124999999999998 0.27 0.03738636363636369 0.029886363636363655
04 0.0375 0.11937500000000001 0.04248579545454545 0.02873579545454548
