06 0.400625 0.26749999999999996 0.018733552631578887 0.06748355263157896
11 0.599375 0.20500000000000002 0.023741610738255092 0.022491610738255036
03 0.353125 0.660625 0.01870689655172414 0.018706896551724084
01 0.16125 0.14750000000000002 0.014994444444444449 0.014994444444444449
11 0.05625 0.8975 0.02498809523809524 0.024988095238095087
03 0.155 0.1975 0.024992977528089877 0.012492977528089838
10 0.125625 0.18062499999999998 0.02374509803921568 0.02374509803921568
03 0.35062499999999996 0.45 0.013706896551724135 0.02745689655172412
09 0.21 0.055624999999999994 0.04747844827586206 0.04872844827586206
01 0.826875 0.233125 0.01363636363636378 0.01613636363636367
