02 0.15875 0.225 0.022483552631578946 0.024983552631578976
02 0.793125 0.1 0.031241610738254932 0.03749161073825505
03 0.604385775862069 0.751875 0.03122844827586202 0.026206896551724146
03 0.22999999999999998 0.85625 0.03499444444444441 0.027494444444444377
06 0.056875 0.421875 0.028738095238095243 0.016238095238095274
15 0.7925 0.478125 0.019992977528089817 0.013742977528089895
06 0.753125 0.275 0.013745098039215642 0.027495098039215682
04 0.43437499999999996 0.184375 0.028706896551724148 0.023706896551724116
03 0.819375 0.068125 0.03122844827586224 0.013728448275862067
14 0.525625 0.0725 0.026136363636363624 0.03238636363636363
11 0.031875 0.28437500000000004 0.031235795454545454 0.03373579545454547
