03 0.84125 0.5387500000000001 0.04248355263157888 0.022483552631578863
11 0.6187499999999999 0.6837500000000001 0.03249161073825502 0.024991610738254955
06 0.17375000000000002 0.333125 0.01995689655172414 0.023706896551724088
03 0.37625 0.07500000000000001 0.01249444444444453 0.027494444444444446
10 0.433125 0.828125 0.018738095238095276 0.021238095238095056
08 0.573125 0.25625 0.01374297752808995 0.03999297752808989
15 0.2875 0.5825 0.01499509803921567 0.017495098039215673
00 0.9512499999999999 0.12875 0.019956896551724168 0.017456896551724124
08 0.764375 0.8137446120689655 0.03122844827586224 0.04498922413793105
12 0.358125 0.38 0.028636363636363626 0.0298863636363636
