04 0.978125 0.55625 0.023733552631578947 0.02498355263157892
12 0.680625 0.17375000000000002 0.04374161073825489 0.044991610738255056
15 0.8831249999999999 0.89 0.07370689655172413 0.09245689655172407
03 0.921875 0.8106236111111111 0.04124444444444442 0.056247222222222226
06 0.35062499999999996 0.6725 0.03123809523809523 0.10998809523809516
00 0.723125 0.649375 0.04124297752808981 0.036242977528089804
06 0.08499999999999999 0.653125 0.01999509803921569 0.13374509803921575
18 0.48562500000000003 0.17562499999999998 0.03120689655172415 0.033706896551724125
20 0.249375 0.28625 0.02122844827586204 0.01747844827586209
09 0.05625 0.846875 0.052386363636363634 0.08113636363636367
03 0.03625 0.713125 0.029985795454545452 0.03873579545454531
