03 0.1925 0.7562500000000001 0.04748355263157897 0.03248355263157887
08 0.24562499999999998 0.14875 0.023741610738255065 0.07249161073825504
03 0.5743750000000001 0.8162499999999999 0.02120689655172414 0.029956896551724177
15 0.81125 0.8643749999999999 0.047494444444444395 0.02874444444444435
03 0.075625 0.4575 0.056238095238095226 0.03998809523809527
11 0.17875000000000002 0.885 0.029992977528089854 0.022492977528089764
20 0.4175 0.6225 0.022495098039215677 0.017495098039215784
08 0.298125 0.5987499999999999 0.013706896551724135 0.04245689655172413
03 0.55 0.510625 0.01747844827586198 0.04372844827586203
06 0.52875 0.8456250000000001 0.10488636363636361 0.02363636363636379
01 0.869375 0.435625 0.011235795454545339 0.01123579545454545
02 0.54 0.245 0.057469512195121975 0.03746951219512196
09 0.69 0.60375 0.02498214285714273 0.032482142857142904
03 0.696875 0.1875 0.023737499999999967 0.057487500000000025
