06 0.506875 0.78 0.02123355263157889 0.014983552631578911
06 0.6912499999999999 0.042499999999999996 0.014991610738254946 0.017491610738255024
04 0.98625 0.385 0.01745689655172411 0.019956896551724113
14 0.335625 0.950625 0.023744444444444457 0.023744444444444457
13 0.10875 0.09 0.04248809523809524 0.03998809523809524
07 0.7793767556179776 0.64375 0.006246488764044877 0.04499297752808984
15 0.635625 0.74875 0.018745098039215646 0.017495098039215673
20 0.125625 0.3825 0.016206896551724123 0.01745689655172411
16 0.675 0.95375 0.012478448275862197 0.02997844827586227
03 0.63375 0.6168750000000001 0.029886363636363766 0.03863636363636369
