06 0.34124999999999994 0.23249999999999998 0.04748355263157894 0.02748355263157895
07 0.42937499999999995 0.5199979026845638 0.043741610738255055 0.037495805369127555
06 0.7231142241379311 0.546875 0.02372844827586207 0.04870689655172411
06 0.6525 0.540625 0.11749444444444435 0.03874444444444447
20 0.8049999999999999 0.32625 0.027488095238095034 0.02248809523809525
13 0.213125 0.226875 0.05374297752808985 0.05874297752808985
04 0.10125 0.9181250000000001 0.03999509803921568 0.021245098039215704
02 0.5862499999999999 0.5675 0.05495689655172409 0.04495689655172419
00 0.30062500000000003 0.575 0.05122844827586209 0.05497844827586207
03 0.5337215909090909 0.1325 0.03744318181818174 0.04738636363636363
14 0.62125 0.028749999999999998 0.05248579545454546 0.03748579545454545
13 0.54 0.08875 0.084969512195122 0.14246951219512194
09 0.898125 0.7275 0.05623214285714284 0.03498214285714285
05 0.091253125 0.689375 0.03749374999999999 0.043737499999999985
