11 0.785625 0.96875 0.0362335526315789 0.03248355263157898
06 0.154375 0.22 0.09624161073825506 0.024991610738255066
13 0.11499999999999999 0.8887499999999999 0.12245689655172415 0.08495689655172411
04 0.515 0.44937499999999997 0.0374944444444445 0.03374444444444452
06 0.85375 0.6112500000000001 0.0874880952380952 0.02498809523809531
03 0.90625 0.48125 0.02749297752808988 0.022492977528089875
11 0.24 0.18 0.027495098039215682 0.032495098039215686
20 0.700625 0.556875 0.0337068965517241 0.03120689655172404
03 0.16312500000000002 0.7875 0.05872844827586207 0.03497844827586216
03 0.39625 0.9706250000000001 0.0298863636363636 0.0336363636363638
