03 0.195625 0.116875 0.05123355263157897 0.06873355263157895
13 0.4325 0.26937500000000003 0.08249161073825506 0.15874161073825505
08 0.6018749999999999 0.06375 0.0337068965517241 0.03495689655172414
14 0.3268763888888889 0.411875 0.023747222222222197 0.053744444444444484
03 0.90625 0.33625 0.02998809523809509 0.02248809523809525
13 0.061875 0.23249999999999998 0.10374297752808989 0.09749297752808983
05 0.7137500000000001 0.15875 0.042495098039215695 0.019995098039215675
03 0.6131249999999999 0.630625 0.04120689655172416 0.04120689655172405
03 0.09875 0.248125 0.05747844827586207 0.041228448275862084
15 0.6893750000000001 0.23812500000000003 0.028636363636363682 0.05613636363636368
02 0.7275 0.064375 0.044985795454545285 0.026235795454545442
07 0.6781250000000001 0.6599999999999999 0.016219512195121966 0.047469512195121966
