14 0.09687499999999999 0.121875 0.05123355263157896 0.03873355263157893
04 0.72375 0.29875 0.03999161073825497 0.04749161073825503
03 0.275625 0.729375 0.03120689655172415 0.02120689655172403
10 0.040624999999999994 0.95625 0.03374444444444444 0.03249444444444427
15 0.9081250000000001 0.315625 0.023738095238095114 0.03623809523809529
20 0.981875 0.425 0.03374297752808986 0.02499297752808982
06 0.15125 0.49624999999999997 0.017495098039215673 0.037495098039215635
11 0.4575 0.64375 0.032456896551724124 0.04245689655172413
12 0.77875 0.061875 0.059978448275862184 0.08372844827586207
08 0.19 0.936875 0.029886363636363655 0.0386363636363638
