20 0.06312499999999999 0.93625 0.038733552631578946 0.027483552631578867
03 0.1325 0.415 0.07499161073825505 0.05749161073825504
10 0.353125 0.830625 0.041206896551724104 0.023706896551724088
03 0.057499999999999996 0.703125 0.03999444444444444 0.026244444444444293
14 0.775625 0.684375 0.06623809523809521 0.04373809523809513
03 0.1375 0.2975 0.0374929775280899 0.06999297752808986
08 0.651875 0.34187500000000004 0.04874509803921567 0.061245098039215684
03 0.750625 0.3025 0.0237068965517242 0.019956896551724113
06 0.38187499999999996 0.640625 0.031228448275862075 0.11372844827586215
18 0.195 0.4425 0.029886363636363655 0.0323863636363636
03 0.109375 0.87375 0.053735795454545474 0.029985795454545272
06 0.25625 0.22125 0.11746951219512197 0.117469512195122
14 0.671875 0.848125 0.051232142857142726 0.05623214285714284
