01 0.5025000000000001 0.073125 0.08998355263157892 0.07123355263157893
03 0.544375 0.6668749999999999 0.05874161073825512 0.08874161073825493
15 0.211875 0.77125 0.06120689655172412 0.08495689655172411
01 0.33 0.930625 0.07749444444444442 0.05374444444444437
10 0.90625 0.6868749999999999 0.054988095238095225 0.03373809523809512
02 0.13624999999999998 0.724375 0.10749297752808987 0.046242977528089924
03 0.66625 0.45999999999999996 0.0624950980392156 0.12249509803921566
11 0.681875 0.315 0.06870689655172413 0.0649568965517241
03 0.099375 0.374375 0.04622844827586206 0.16622844827586208
16 0.76 0.6025 0.09988636363636383 0.0898863636363636
