20 0.84125 0.904375 0.05248355263157889 0.04623355263157891
05 0.464375 0.668125 0.05374161073825506 0.06874161073825502
04 0.703125 0.4375 0.06370689655172423 0.04745689655172414
03 0.29875 0.08937500000000001 0.039994444444444444 0.11624444444444446
03 0.468125 0.8456250000000001 0.05123809523809525 0.051238095238095194
10 0.3175 0.028749999999999998 0.04249297752808989 0.034992977528089886
04 0.36375 0.610625 0.0474950980392157 0.06124509803921574
10 0.07875 0.41312499999999996 0.04495689655172414 0.03870689655172416
03 0.450625 0.7375 0.03872844827586208 0.06247844827586213
02 0.934375 0.825625 0.07363636363636372 0.14113636363636373
12 0.7362500000000001 0.903125 0.07748579545454526 0.0812357954545454
12 0.33687500000000004 0.478125 0.06621951219512195 0.10621951219512199
03 0.179375 0.09 0.02123214285714284 0.05998214285714286
03 0.46625 0.94875 0.019987500000000047 0.039987500000000065
