09 0.5331250000000001 0.6825 0.02123355263157889 0.029983552631578814
04 0.7306250000000001 0.534375 0.028741610738254875 0.028741610738255097
08 0.09187499999999998 0.359375 0.031206896551724136 0.028706896551724093
07 0.281875 0.348125 0.04374444444444442 0.03374444444444452
01 0.379375 0.7325 0.03373809523809529 0.037488095238095154
10 0.184375 0.958125 0.02624297752808985 0.016242977528089897
02 0.891875 0.595 0.031245098039215713 0.032495098039215686
03 0.19437500000000002 0.751864224137931 0.023706896551724116 0.036228448275862024
13 0.891875 0.434375 0.02372844827586218 0.05122844827586204
06 0.9125 0.8831249999999999 0.05988636363636379 0.01363636363636378
18 0.364375 0.503125 0.018735795454545512 0.021235795454545514
06 0.22749999999999998 0.5543750000000001 0.024969512195121973 0.04871951219512194
00 0.9550000000000001 0.03874999999999999 0.029982142857142846 0.032482142857142855
03 0.248125 0.8943749999999999 0.028737500000000027 0.02873749999999997
