03 0.129375 0.305625 0.01873355263157893 0.04623355263157891
03 0.894375 0.5687500000000001 0.07624161073825486 0.04999161073825509
15 0.42625 0.6581250000000001 0.04245689655172413 0.018706896551724195
18 0.260625 0.481875 0.016244444444444395 0.018744444444444452
06 0.586875 0.44375 0.07623809523809533 0.0749880952380953
01 0.691875 0.645 0.01374297752808984 0.012492977528089866
07 0.365625 0.3675 0.0737450980392157 0.014995098039215726
05 0.559375 0.165 0.01370689655172408 0.02745689655172412
15 0.7112499999999999 0.08375 0.007478448275862193 0.017478448275862063
05 0.434375 0.45125 0.03113636363636363 0.022386363636363593
