11 0.388125 0.8431249999999999 0.04623355263157891 0.031233552631578898
08 0.33375 0.7106250000000001 0.022491610738255063 0.013741610738254972
03 0.06 0.694375 0.05495689655172414 0.06620689655172407
15 0.021248611111111107 0.39375 0.022497222222222217 0.022494444444444484
03 0.50625 0.121875 0.044988095238095216 0.06123809523809523
05 0.8762482443820225 0.046875 0.05499648876404495 0.033742977528089885
10 0.209375 0.7012499999999999 0.05874509803921568 0.04999509803921576
06 0.20875 0.2125 0.034956896551724126 0.019956896551724113
18 0.574375 0.93625 0.03122844827586202 0.032478448275862215
03 0.08625 0.6737500000000001 0.07488636363636364 0.02738636363636371
06 0.74375 0.4925 0.07998579545454532 0.10998579545454545
08 0.24688262195121952 0.80625 0.04373475609756097 0.04996951219512202
13 0.07750000000000001 0.7050000000000001 0.03748214285714287 0.07498214285714278
