01 0.68 0.979375 0.014983552631578911 0.011233552631578991
14 0.5706249999999999 0.988125 0.013741610738254972 0.021241610738254924
03 0.7168749999999999 0.875 0.023706896551724088 0.01745689655172411
03 0.72375 0.869375 0.02499444444444432 0.016244444444444284
04 0.445 0.855625 0.02248809523809525 0.01873809523809511
12 0.26312500000000005 0.301875 0.02624297752808985 0.031242977528089855
08 0.10062499999999999 0.0925 0.0312450980392157 0.027495098039215682
14 0.166875 0.94375 0.026206896551724146 0.024956896551724173
02 0.87125 0.09375 0.022478448275862206 0.02497844827586207
11 0.41812499999999997 0.525625 0.021136363636363564 0.02113636363636351
13 0.765625 0.47375 0.031235795454545245 0.04498579545454551
03 0.899375 0.628125 0.016219512195121966 0.016219512195121966
03 0.343125 0.8981250000000001 0.016232142857142806 0.013732142857142748
