12 0.80625 0.454375 0.07498355263157896 0.0912335526315789
01 0.47000000000000003 0.6737500000000001 0.07249161073825505 0.049991610738254866
03 0.36124999999999996 0.565 0.05995689655172415 0.05495689655172409
03 0.16375 0.96625 0.03499444444444447 0.057494444444444404
12 0.059375 0.398125 0.06873809523809524 0.07373809523809527
18 0.401875 0.620625 0.04874297752808987 0.05124297752808982
19 0.37375 0.29125 0.03249509803921574 0.06749509803921572
01 0.42500000000000004 0.42875 0.03995689655172413 0.04245689655172413
11 0.90125 0.053125 0.06497844827586219 0.06872844827586207
03 0.15625 0.614375 0.08738636363636364 0.04863636363636359
