04 0.17625 0.094375 0.01998355263157897 0.021233552631578945
18 0.54375 0.8512500000000001 0.014991610738255057 0.017491610738254892
14 0.41125 0.9025000000000001 0.01745689655172411 0.029956896551724177
03 0.6499999999999999 0.8899999999999999 0.017494444444444368 0.027494444444444377
18 0.06125 0.36624999999999996 0.012488095238095236 0.014988095238095245
01 0.7949999999999999 0.135625 0.012492977528089866 0.011242977528089892
14 0.574375 0.206875 0.0162450980392157 0.021245098039215704
03 0.7793749999999999 0.7324999999999999 0.023706896551724088 0.022456896551724115
03 0.345625 0.87625 0.008728448275862055 0.039978448275862166
03 0.353125 0.65125 0.01613636363636356 0.022386363636363704
06 0.3575 0.7949999999999999 0.037485795454545445 0.034985795454545277
03 0.93375 0.269375 0.022469512195121943 0.026219512195121975
01 0.41312499999999996 0.4175 0.021232142857142866 0.014982142857142833
