15 0.054375 0.63625 0.08123355263157894 0.04498355263157894
14 0.45687500000000003 0.69375 0.051241610738255006 0.09249161073825496
03 0.780625 0.43875 0.05620689655172417 0.12245689655172415
03 0.771875 0.23125 0.08624444444444435 0.10749444444444445
00 0.125 0.50875 0.06998809523809524 0.06498809523809529
12 0.5393749999999999 0.12625 0.07874297752808979 0.14999297752808988
06 0.138125 0.6174999999999999 0.051245098039215675 0.032495098039215686
04 0.429375 0.618125 0.05870689655172412 0.03120689655172415
03 0.78125 0.5687500000000001 0.1224784482758623 0.08747844827586204
06 0.21125 0.63625 0.08488636363636368 0.18988636363636358
05 0.76 0.454375 0.054985795454545405 0.05123579545454543
20 0.805 0.756875 0.05246951219512197 0.05371951219512194
