00 0.61875 0.18562499999999998 0.037483552631578876 0.03123355263157898
03 0.386875 0.314375 0.031241610738255043 0.031241610738255043
03 0.240625 0.304364224137931 0.016206896551724137 0.01372844827586206
11 0.700625 0.30125 0.02874444444444435 0.019994444444444426
14 0.894375 0.170625 0.048738095238095136 0.021238095238095278
08 0.96375 0.605625 0.01749297752808987 0.016242977528089897
15 0.6356237745098039 0.7481249999999999 0.026247549019607797 0.02374509803921565
20 0.724375 0.401875 0.026206896551724146 0.026206896551724146
07 0.6331249999999999 0.7375 0.01372844827586206 0.03497844827586227
11 0.544375 0.6412500000000001 0.03113636363636363 0.022386363636363593
08 0.791875 0.10125 0.03623579545454536 0.03748579545454546
07 0.30374999999999996 0.643125 0.01246951219512199 0.03621951219512198
02 0.369375 0.37 0.026232142857142815 0.07248214285714283
