03 0.33499999999999996 0.8418749999999999 0.03748355263157893 0.033733552631578845
15 0.8725 0.9456249999999999 0.08249161073825484 0.04124161073825483
15 0.364375 0.621875 0.026206896551724146 0.053706896551724115
08 0.20124999999999998 0.015625 0.03249444444444441 0.023744444444444443
13 0.20062500000000003 0.895625 0.13373809523809527 0.08873809523809517
15 0.398125 0.516875 0.05124297752808982 0.06374297752808988
13 0.7575 0.7825 0.1099950980392157 0.059995098039215655
03 0.586875 0.04125 0.06370689655172412 0.039956896551724144
12 0.6512500000000001 0.82125 0.08997844827586221 0.06747844827586225
03 0.655 0.27875 0.0748863636363637 0.04488636363636367
03 0.6224999999999999 0.48062499999999997 0.04248579545454545 0.09123579545454547
