12 0.445 0.493125 0.03248355263157887 0.051233552631578916
20 0.599375 0.67 0.023741610738255092 0.022491610738254897
03 0.595 0.38875000000000004 0.01745689655172411 0.024956896551724117
00 0.49124999999999996 0.134375 0.024994444444444486 0.023744444444444457
18 0.034375 0.745625 0.018738095238095238 0.021238095238095056
01 0.200625 0.735625 0.018742977528089844 0.0212429775280899
03 0.279375 0.7887500000000001 0.031245098039215713 0.012495098039215669
05 0.87375 0.09125 0.029956896551724177 0.024956896551724145
18 0.36124999999999996 0.9075 0.014978448275862088 0.0174784482758622
13 0.140625 0.67625 0.12863636363636366 0.03488636363636377
05 0.21625 0.26875 0.01498579545454548 0.039985795454545475
