13 0.285625 0.5081249999999999 0.08373355263157894 0.08623355263157884
03 0.97875 0.221875 0.017491610738254892 0.03624161073825505
06 0.6125 0.360614224137931 0.09495689655172412 0.07872844827586206
03 0.840625 0.16125 0.05624444444444443 0.05499444444444443
04 0.784375 0.62375 0.041238095238095185 0.03248809523809526
20 0.11937500000000001 0.1925 0.016242977528089897 0.012492977528089866
08 0.30125 0.9437500000000001 0.05749509803921571 0.01999509803921573
06 0.680625 0.7825 0.09120689655172409 0.0074568965517241015
10 0.16999999999999998 0.15125 0.03747844827586208 0.029978448275862046
06 0.303125 0.9356249999999999 0.018636363636363673 0.036136363636363744
14 0.681875 0.888125 0.04623579545454537 0.058735795454545325
03 0.941875 0.911875 0.043719512195121935 0.07121951219512201
