04 0.27437500000000004 0.26625 0.03623355263157896 0.034983552631578985
05 0.364375 0.15187499999999998 0.021241610738255035 0.04874161073825503
20 0.7875 0.90375 0.029956896551724066 0.019956896551724168
11 0.440625 0.40375 0.036244444444444524 0.03249444444444449
11 0.836875 0.946875 0.03373809523809512 0.028738095238095118
05 0.30000000000000004 0.205625 0.04749297752808984 0.031242977528089855
03 0.6387499999999999 0.255625 0.042495098039215695 0.03624509803921569
01 0.5075000000000001 0.674375 0.029956896551724177 0.02120689655172414
11 0.74875 0.5449999999999999 0.032478448275862215 0.024978448275862042
18 0.329375 0.536875 0.026136363636363624 0.02863636363636357
