06 0.31875 0.779375 0.04998355263157894 0.07873355263157888
06 0.16 0.04687500000000001 0.024991610738255066 0.09124161073825504
03 0.20875 0.965625 0.017456896551724138 0.036206896551724044
00 0.11125 0.340625 0.029994444444444462 0.03124444444444452
03 0.47875 0.2225 0.037488095238095265 0.03498809523809526
12 0.743125 0.864375 0.05124297752808982 0.04874297752808987
03 0.22125 0.668125 0.019995098039215675 0.038745098039215664
18 0.481875 0.219375 0.02120689655172414 0.023706896551724116
03 0.79 0.7775000000000001 0.042478448275862224 0.0174784482758622
08 0.936875 0.21625 0.0386363636363638 0.04988636363636367
09 0.7068749999999999 0.85 0.023735795454545294 0.04748579545454534
