11 0.379375 0.63375 0.02123355263157889 0.022483552631578863
03 0.90375 0.16062500000000002 0.014991610738254946 0.023741610738255065
01 0.4425 0.8474999999999999 0.012456896551724106 0.012456896551724106
14 0.98375 0.44 0.019994444444444426 0.014994444444444532
05 0.8612500000000001 0.935 0.024988095238095087 0.017488095238095025
08 0.498125 0.360625 0.023742977528089848 0.00874297752808989
18 0.88 0.12125 0.01249509803921578 0.01499509803921567
15 0.731875 0.96375 0.023706896551724088 0.014956896551724164
08 0.886875 0.26375 0.011228448275862224 0.03747844827586208
07 0.9412499999999999 0.333125 0.03488636363636377 0.03113636363636363
01 0.7518750000000001 0.140625 0.011235795454545339 0.013735795454545452
18 0.605 0.44875 0.019969512195121997 0.022469512195122
20 0.91625 0.7450000000000001 0.01748214285714278 0.019982142857142837
