01 0.899375 0.8025 0.023733552631578836 0.019983552631578916
06 0.42562500000000003 0.941875 0.03874161073825505 0.028741610738254875
07 0.38125 0.18625 0.04745689655172414 0.032456896551724124
07 0.939375 0.8206249999999999 0.09624444444444435 0.11624444444444426
18 0.8400000000000001 0.505 0.024988095238095087 0.02748809523809531
14 0.620625 0.035 0.046242977528089924 0.04749297752808989
18 0.893125 0.43562500000000004 0.031245098039215713 0.033745098039215715
15 0.110625 0.9275 0.04370689655172412 0.032456896551724124
11 0.7381249999999999 0.42625 0.03872844827586219 0.052478448275862066
06 0.5525 0.7375 0.10988636363636362 0.039886363636363664
