05 0.7793749999999999 0.9412499999999999 0.04873355263157897 0.04998355263157894
03 0.585 0.065625 0.06749161073825505 0.03874161073825504
03 0.379375 0.3725 0.041206896551724104 0.032456896551724124
12 0.2725 0.255 0.05249444444444443 0.05499444444444446
02 0.7737499999999999 0.103125 0.034988095238095096 0.051238095238095235
20 0.396875 0.16125 0.05124297752808987 0.04999297752808987
07 0.185625 0.53 0.06874509803921569 0.03749509803921569
08 0.169375 0.28811422413793103 0.10120689655172414 0.05122844827586204
09 0.520625 0.7424999999999999 0.04372844827586203 0.04247844827586211
03 0.51375 0.43125 0.03988636363636361 0.07488636363636364
11 0.130625 0.8968750000000001 0.061235795454545466 0.04373579545454531
10 0.6856249999999999 0.780625 0.03871951219512193 0.04121951219512199
20 0.07 0.109375 0.03748214285714286 0.02373214285714287
