15 0.5237499999999999 0.421875 0.01748355263157897 0.0362335526315789
02 0.49312500000000004 0.78 0.02874161073825504 0.052491610738254924
04 0.134375 0.5675 0.026206896551724132 0.01745689655172411
01 0.451875 0.095625 0.028744444444444517 0.021244444444444455
03 0.53625 0.49 0.04248809523809527 0.02748809523809531
03 0.47125 0.35625 0.0474929775280899 0.022492977528089875
13 0.8731249999999999 0.41500000000000004 0.02374509803921565 0.0499950980392157
03 0.373125 0.40125 0.016206896551724137 0.03745689655172413
13 0.928125 0.10625 0.021228448275862233 0.02497844827586207
01 0.925 0.848125 0.019886363636363757 0.013636363636363669
08 0.246875 0.5193749999999999 0.016235795454545482 0.03873579545454542
18 0.796875 0.9256249999999999 0.023719512195121917 0.026219512195121975
01 0.08625 0.09875 0.02998214285714286 0.022482142857142867
