13 0.040625 0.6425 0.018733552631578956 0.057483552631578894
03 0.41000000000000003 0.235625 0.027491610738255068 0.018741610738255032
03 0.165625 0.546875 0.06120689655172412 0.0387068965517241
03 0.14125 0.45687500000000003 0.024994444444444458 0.028744444444444517
03 0.104375 0.8575 0.02623809523809524 0.06998809523809513
03 0.09375 0.21000000000000002 0.0199929775280899 0.02749297752808985
14 0.250625 0.94625 0.011245098039215667 0.024995098039215624
03 0.811875 0.190625 0.05120689655172406 0.04870689655172414
03 0.97125 0.75375 0.04247844827586211 0.022478448275862206
15 0.7662500000000001 0.401875 0.014886363636363753 0.018636363636363618
03 0.489375 0.34875 0.036235795454545416 0.04248579545454545
