03 0.143125 0.2025 0.07123355263157896 0.024983552631578948
13 0.54375 0.885 0.09749161073825502 0.07749161073825483
20 0.68625 0.818125 0.024956896551724173 0.02120689655172414
06 0.5825 0.89625 0.09749444444444455 0.012494444444444364
09 0.224375 0.129375 0.026238095238095255 0.028738095238095215
13 0.5425 0.375 0.06999297752808986 0.009992977528089808
07 0.200625 0.116875 0.0162450980392157 0.05124509803921569
20 0.9762500000000001 0.525 0.02495689655172406 0.01745689655172411
01 0.29375 0.436875 0.03497844827586205 0.031228448275862075
04 0.7112499999999999 0.76625 0.03488636363636377 0.029886363636363766
