12 0.05500000000000001 0.8318749999999999 0.027483552631578957 0.043733552631578854
18 0.6018749999999999 0.9675 0.013741610738254972 0.017491610738254892
03 0.11249999999999999 0.476875 0.02245689655172413 0.028706896551724093
04 0.356875 0.4275 0.026244444444444515 0.01749444444444448
03 0.264375 0.27937500000000004 0.026238095238095227 0.038738095238095294
15 0.5025 0.39125 0.012492977528089866 0.049992977528089844
06 0.6575 0.08687500000000001 0.04499509803921564 0.028745098039215697
03 0.420625 0.670625 0.013706896551724135 0.016206896551724137
20 0.81 0.475 0.024978448275862264 0.027478448275862044
14 0.981875 0.650625 0.018636363636363673 0.023636363636363678
03 0.459375 0.39875 0.01623579545454551 0.01498579545454548
03 0.133125 0.673125 0.011219512195121933 0.026219512195121975
