05 0.555625 0.28500000000000003 0.02123355263157889 0.049983552631579
07 0.86625 0.5325 0.029991610738254848 0.077491610738255
15 0.19125 0.909375 0.02995689655172412 0.03120689655172415
20 0.606875 0.4975 0.033744444444444466 0.03499444444444444
20 0.03375 0.50625 0.029988095238095237 0.02248809523809525
19 0.055625 0.670625 0.031242977528089896 0.05124297752808982
12 0.7793749999999999 0.27125 0.05124509803921573 0.052495098039215676
18 0.82375 0.6156250000000001 0.02745689655172412 0.03120689655172415
15 0.16375 0.6175 0.08497844827586205 0.09497844827586222
03 0.175625 0.310625 0.023636363636363678 0.0586363636363636
