03 0.555625 0.321875 0.15123355263157895 0.07373355263157894
03 0.790625 0.7275 0.06624161073825485 0.05499161073825487
04 0.74625 0.048125 0.03745689655172413 0.031206896551724143
03 0.77875 0.27437500000000004 0.027494444444444377 0.03374444444444441
03 0.544375 0.175625 0.05623809523809531 0.018738095238095276
01 0.45625 0.22999999999999998 0.02499297752808982 0.022492977528089847
06 0.353125 0.778125 0.10374509803921567 0.06374509803921569
20 0.534375 0.10999999999999999 0.02120689655172414 0.02245689655172413
05 0.87625 0.140625 0.04747844827586223 0.028728448275862073
18 0.735 0.25125000000000003 0.02738636363636382 0.029886363636363683
03 0.916875 0.588125 0.0287357954545453 0.05873579545454555
