08 0.6225 0.8512500000000001 0.02498355263157881 0.03748355263157899
06 0.8981250000000001 0.910625 0.03374161073825499 0.09624161073825488
03 0.236875 0.30125 0.043706896551724106 0.032456896551724124
04 0.18625 0.31375000000000003 0.03249444444444444 0.029994444444444435
13 0.7618750000000001 0.6399999999999999 0.07373809523809516 0.15248809523809526
03 0.913125 0.040625 0.028742977528089853 0.026242977528089892
03 0.124375 0.29312499999999997 0.02624509803921568 0.0812450980392157
03 0.65 0.33187500000000003 0.01745689655172411 0.03870689655172416
07 0.23311961206896553 0.49062500000000003 0.04623922413793105 0.03372844827586208
14 0.49750000000000005 0.22812500000000002 0.03988636363636361 0.04613636363636367
18 0.8425 0.97 0.029985795454545272 0.03248579545454533
20 0.43437499999999996 0.2825 0.018719512195121968 0.01996951219512194
