04 0.77125 0.606875 0.029983552631578814 0.02873355263157895
05 0.29125 0.236875 0.027491610738255012 0.031241610738255043
08 0.838125 0.166875 0.046206896551724164 0.033706896551724125
13 0.25 0.351875 0.0524944444444444 0.02874444444444446
03 0.6950000000000001 0.675625 0.04248809523809516 0.028738095238095118
06 0.27437500000000004 0.55875 0.06624297752808989 0.01749297752808987
07 0.0775 0.033125 0.03499509803921569 0.028745098039215686
08 0.3 0.604375 0.04745689655172414 0.018706896551724084
06 0.820625 0.5606249999999999 0.053728448275862206 0.06622844827586205
09 0.816875 0.221875 0.028636363636363793 0.04363636363636367
14 0.891875 0.135625 0.041235795454545365 0.026235795454545463
