20 0.396875 0.9225 0.013733552631578883 0.012483552631578965
03 0.900625 0.6356249999999999 0.011241610738254915 0.03374161073825499
18 0.36375 0.825625 0.012456896551724161 0.016206896551724026
15 0.36312500000000003 0.89 0.021244444444444455 0.01499444444444431
18 0.24875000000000003 0.11374999999999999 0.01248809523809527 0.014988095238095231
20 0.043125 0.940625 0.011242977528089886 0.011242977528089892
03 0.803125 0.2 0.02624509803921571 0.012495098039215696
09 0.201875 0.484375 0.028706896551724148 0.016206896551724137
03 0.454375 0.1 0.021228448275862066 0.027478448275862058
09 0.951875 0.44375 0.018636363636363784 0.01988636363636359
03 0.025625000000000002 0.111875 0.026235795454545456 0.01873579545454547
03 0.191875 0.3825 0.023719512195121972 0.027469512195121948
03 0.700625 0.369375 0.026232142857142926 0.01373214285714286
