09 0.8337458881578947 0.6725 0.03999177631578943 0.022483552631578974
07 0.5549999999999999 0.675 0.017491610738255114 0.042491610738254915
08 0.565625 0.149375 0.018706896551724195 0.013706896551724135
01 0.181875 0.40249999999999997 0.01374444444444442 0.009994444444444472
08 0.04375297619047619 0.55625 0.024994047619047617 0.05248809523809528
09 0.08875 0.816875 0.04249297752808989 0.023742977528089848
03 0.746875 0.03875 0.021245098039215704 0.022495098039215688
10 0.9175 0.458125 0.019956896551724057 0.018706896551724084
08 0.445625 0.14500000000000002 0.06622844827586205 0.027478448275862072
03 0.613125 0.103125 0.0586363636363636 0.031136363636363643
