03 0.1225 0.568125 0.03498355263157893 0.023733552631578947
15 0.04875 0.6737500000000001 0.06249161073825503 0.024991610738254955
10 0.23625000000000002 0.094375 0.017456896551724138 0.01870689655172414
06 0.40812499999999996 0.76875 0.08624444444444451 0.022494444444444373
03 0.3856220238095238 0.34562499999999996 0.031244047619047643 0.02373809523809528
02 0.914375 0.610625 0.028742977528089853 0.03374297752808986
03 0.8425 0.5606249999999999 0.034995098039215744 0.013745098039215642
03 0.009375000000000001 0.168125 0.01620689655172414 0.026206896551724146
15 0.8512500000000001 0.584375 0.029978448275862157 0.018728448275862064
00 0.34187500000000004 0.898125 0.031136363636363573 0.03113636363636374
03 0.4125 0.09937500000000002 0.024985795454545434 0.08123579545454547
