03 0.23124999999999998 0.5475 0.062483552631578954 0.037483552631578876
18 0.6325 0.30625 0.02999161073825496 0.03249161073825507
06 0.052500000000000005 0.34625 0.04995689655172414 0.03745689655172413
20 0.41875 0.47625 0.027494444444444488 0.03249444444444449
04 0.175 0.830625 0.05248809523809525 0.05373809523809514
03 0.743125 0.46625 0.036242977528089804 0.09749297752808983
09 0.926875 0.8987499999999999 0.05124509803921562 0.052495098039215704
11 0.618125 0.7275 0.06120689655172418 0.03745689655172413
01 0.62 0.69125 0.03497844827586216 0.032478448275862215
18 0.20750000000000002 0.7437499999999999 0.032386363636363685 0.03488636363636377
04 0.31625000000000003 0.15250000000000002 0.04498579545454545 0.03248579545454547
