10 0.860625 0.3225 0.018733552631578942 0.014983552631578967
14 0.43 0.355 0.02999161073825507 0.027491610738255068
10 0.774375 0.215625 0.02120689655172414 0.021206896551724114
03 0.8368763888888889 0.43937499999999996 0.011247222222222186 0.03624444444444447
12 0.57 0.4225 0.04248809523809527 0.049988095238095276
02 0.32125175561797753 0.8525 0.012496488764044966 0.04249297752808989
07 0.43 0.85625 0.027495098039215682 0.042495098039215695
13 0.671875 0.81875 0.06870689655172413 0.024956896551724173
04 0.52625 0.41500000000000004 0.029978448275862046 0.02247844827586204
04 0.410625 0.5081249999999999 0.021136363636363564 0.02613636363636357
03 0.940625 0.434375 0.021235795454545348 0.016235795454545454
02 0.2875 0.4375 0.05996951219512198 0.03496951219512201
15 0.7356205357142858 0.765 0.021241071428571456 0.01748214285714278
07 0.6325000000000001 0.743125 0.012487500000000096 0.11373750000000005
