05 0.5706249999999999 0.521875 0.02123355263157889 0.013733552631578938
10 0.21125 0.536875 0.01999161073825506 0.01624161073825503
07 0.168125 0.111875 0.02120689655172414 0.031206896551724136
07 0.781251388888889 0.65625 0.027497222222222173 0.017494444444444257
01 0.48 0.236875 0.012488095238095298 0.013738095238095271
02 0.425 0.154375 0.012492977528089866 0.00874297752808989
14 0.07875 0.975625 0.009995098039215694 0.03374509803921566
13 0.524375 0.21187499999999998 0.05120689655172411 0.026206896551724118
03 0.50875 0.390625 0.01747844827586209 0.03372844827586208
07 0.13875 0.06934659090909091 0.04988636363636363 0.026193181818181817
06 0.05 0.6025 0.01748579545454545 0.012485795454545534
03 0.053125000000000006 0.9393750000000001 0.013719512195121943 0.013719512195122019
