12 0.078125 0.731875 0.02873355263157895 0.04123355263157891
03 0.12062500000000001 0.4625 0.038741610738255064 0.07499161073825505
03 0.5687500000000001 0.34750000000000003 0.012456896551724106 0.034956896551724126
03 0.70625 0.5231250000000001 0.02499444444444443 0.033744444444444466
08 0.050625 0.48875 0.03873809523809524 0.012488095238095298
08 0.4475 0.428125 0.032492977528089884 0.023742977528089848
06 0.178125 0.174375 0.051245098039215675 0.02874509803921571
06 0.2275 0.0575 0.032456896551724124 0.019956896551724154
04 0.930625 0.528125 0.026228448275862237 0.02372844827586207
06 0.041875 0.6575 0.05863636363636364 0.024886363636363762
12 0.245 0.143125 0.029985795454545466 0.03623579545454547
