08 0.240625 0.505625 0.056233552631578976 0.05373355263157892
15 0.6025 0.028749999999999998 0.027491610738255012 0.014991610738255029
04 0.258125 0.89375 0.0337068965517241 0.02495689655172406
03 0.18125 0.5925 0.029994444444444435 0.027494444444444488
06 0.84125 0.7050000000000001 0.03998809523809521 0.11998809523809506
10 0.7324999999999999 0.7562500000000001 0.032492977528089884 0.032492977528089884
19 0.72 0.10125 0.03749509803921569 0.02249509803921569
04 0.6025 0.86 0.03495689655172407 0.029956896551724066
03 0.25125 0.40375 0.02247844827586204 0.032478448275862104
20 0.6400000000000001 0.8325 0.02738636363636371 0.029886363636363766
