09 0.89 0.16125 0.03248355263157898 0.03498355263157896
18 0.91875 0.6950000000000001 0.024991610738254955 0.0274916107382549
00 0.25 0.5406249999999999 0.032456896551724124 0.0337068965517241
03 0.850625 0.44125000000000003 0.033744444444444355 0.02249444444444454
04 0.5425 0.798125 0.024988095238095198 0.021238095238095167
05 0.4275 0.6625 0.02499297752808982 0.01749297752808987
00 0.39875 0.09562499999999999 0.022495098039215677 0.018745098039215688
13 0.9275 0.780625 0.07495689655172422 0.05620689655172417
00 0.18562499999999998 0.944375 0.03372844827586205 0.02372844827586218
11 0.15437499999999998 0.435625 0.031136363636363656 0.02113636363636362
