06 0.0675 0.59 0.00748355263157896 0.017483552631578858
15 0.8456250000000001 0.78125 0.018741610738254866 0.014991610738254835
14 0.275625 0.093125 0.0337068965517241 0.013706896551724135
18 0.27625 0.104375 0.01249444444444442 0.013744444444444462
14 0.319375 0.989375 0.016238095238095274 0.01873809523809511
20 0.6712499999999999 0.45625000000000004 0.012492977528089866 0.014992977528089868
07 0.1824987745098039 0.624375 0.019997549019607846 0.02624509803921571
14 0.6837500000000001 0.269375 0.022456896551724115 0.011206896551724133
16 0.32625000000000004 0.43125 0.027478448275862044 0.019978448275862093
15 0.9256249999999999 0.555 0.01363636363636378 0.027386363636363598
