03 0.12187500000000001 0.6287499999999999 0.11123355263157897 0.11248355263157894
09 0.273125 0.895625 0.08624161073825501 0.08374161073825492
09 0.72 0.49375 0.04495689655172408 0.09495689655172407
19 0.13 0.639375 0.07499444444444445 0.05624444444444443
18 0.7906249999999999 0.30625 0.04373809523809513 0.049988095238095276
03 0.343125 0.843125 0.15124297752808985 0.07124297752808983
13 0.270625 0.15187499999999998 0.06624509803921566 0.1612450980392157
10 0.640625 0.7381249999999999 0.05870689655172412 0.03120689655172415
04 0.5487500000000001 0.95125 0.06747844827586202 0.042478448275862224
03 0.715 0.61375 0.029886363636363766 0.06738636363636363
08 0.7243785511363636 0.41500000000000004 0.06874289772727271 0.09748579545454544
06 0.33625 0.068125 0.16496951219512201 0.05621951219512195
04 0.07125000000000001 0.225625 0.054982142857142854 0.048732142857142835
