05 0.37500411184210525 0.271875 0.019991776315789467 0.02623355263157895
02 0.31875 0.3675 0.027491610738255068 0.027491610738255012
09 0.981875 0.5125 0.028706896551724204 0.019956896551724168
15 0.021249999999999998 0.704375 0.019994444444444443 0.01124444444444439
03 0.8431279761904762 0.596875 0.013744047619047572 0.013738095238095327
06 0.419375 0.909375 0.04624297752808981 0.043742977528089866
15 0.411875 0.09125 0.021245098039215704 0.02249509803921569
04 0.98375 0.246875 0.019956896551724057 0.02120689655172414
20 0.986875 0.5743750000000001 0.021228448275862122 0.021228448275862122
03 0.19624999999999998 0.6868749999999999 0.02488636363636368 0.016136363636363726
06 0.8225 0.241875 0.03499999999999992 0.061235795454545494
08 0.048125 0.135625 0.013719512195121943 0.008719512195121959
15 0.8325 0.1975 0.019982142857142837 0.05248214285714284
03 0.16125 0.41625 0.022487499999999994 0.022487499999999994
