07 0.195625 0.27562499999999995 0.06373355263157898 0.09123355263157892
03 0.775625 0.239375 0.031241610738254932 0.06124161073825507
12 0.540625 0.5325 0.05620689655172417 0.057456896551724146
19 0.938125 0.571875 0.04624444444444431 0.03874444444444447
14 0.73 0.241875 0.06498809523809512 0.03373809523809526
08 0.115625 0.20375 0.018742977528089885 0.07749297752808984
06 0.26875000000000004 0.335625 0.0499950980392157 0.1462450980392157
15 0.28125 0.9475 0.039956896551724075 0.032456896551724124
15 0.82625 0.463125 0.032478448275862215 0.031228448275862075
20 0.05875 0.426875 0.03988636363636363 0.03113636363636363
