06 0.09562500000000002 0.8143750000000001 0.13623355263157896 0.03873355263157896
20 0.721875 0.538125 0.03374161073825499 0.031241610738255043
03 0.7875 0.296875 0.03495689655172418 0.07120689655172407
08 0.614375 0.6512499999999999 0.051244444444444426 0.04499444444444445
20 0.735 0.034374999999999996 0.062488095238095065 0.058738095238095235
00 0.319375 0.07500000000000001 0.03874297752808986 0.02499297752808989
20 0.52 0.8300000000000001 0.034995098039215744 0.03999509803921575
03 0.11813577586206897 0.71 0.06872844827586207 0.02495689655172406
00 0.719375 0.09875 0.06372844827586222 0.06497844827586208
03 0.111875 0.71875 0.11363636363636365 0.13488636363636375
06 0.925625 0.7637464488636363 0.13373579545454528 0.02999289772727265
14 0.724375 0.559375 0.07371951219512196 0.05871951219512195
06 0.2587544642857143 0.0975 0.03999107142857142 0.05998214285714286
08 0.0475 0.6375 0.0449875 0.14498749999999994
