20 0.20500000000000002 0.19625 0.014983552631578995 0.014983552631578967
03 0.35250000000000004 0.6725 0.01749161073825506 0.03499161073825485
08 0.9875 0.69125 0.01745689655172411 0.0699568965517241
01 0.076875 0.5037499999999999 0.013744444444444462 0.012494444444444475
11 0.863125 0.22562500000000002 0.02623809523809517 0.026238095238095255
03 0.8106249999999999 0.67375 0.023742977528089848 0.05999297752808985
03 0.7362500000000001 0.16625 0.03999509803921575 0.0474950980392157
03 0.853760775862069 0.479375 0.009978448275862029 0.028706896551724093
20 0.37 0.91625 0.009978448275862029 0.00997844827586225
13 0.47 0.36124999999999996 0.027386363636363598 0.0298863636363636
13 0.0325 0.095 0.029985795454545456 0.05498579545454546
11 0.38125 0.355 0.022469512195122 0.017469512195121994
