13 0.38312500000000005 0.5325 0.02373355263157889 0.09248355263157892
03 0.013125000000000001 0.36375 0.013741610738255035 0.03749161073825508
08 0.218125 0.31625000000000003 0.026206896551724118 0.027456896551724175
02 0.356875 0.6950000000000001 0.03124444444444452 0.02249444444444426
06 0.3425 0.9512499999999999 0.01998809523809525 0.03248809523809515
02 0.32 0.933125 0.032492977528089884 0.043742977528089866
19 0.17562499999999998 0.96375 0.031245098039215685 0.014995098039215726
20 0.72 0.29375 0.019956896551724168 0.022456896551724115
03 0.19375 0.22499999999999998 0.04497844827586206 0.017478448275862063
09 0.04375 0.26187499999999997 0.022386363636363628 0.03613636363636369
06 0.48375 0.140625 0.07998579545454554 0.028735795454545465
