02 0.338125 0.468125 0.06873355263157893 0.06373355263157893
18 0.35562499999999997 0.969375 0.02874161073825504 0.031241610738254932
18 0.039375 0.0475 0.03370689655172414 0.03495689655172415
00 0.22 0.965625 0.042494444444444446 0.026244444444444404
03 0.6343779761904762 0.81125 0.10374404761904765 0.04748809523809516
12 0.426875 0.74125 0.04124297752808981 0.08249297752808982
18 0.255625 0.22062500000000002 0.031245098039215685 0.03374509803921569
03 0.686875 0.17125 0.06870689655172413 0.054956896551724116
03 0.388125 0.234375 0.04872844827586209 0.021228448275862066
01 0.285625 0.829375 0.048636363636363644 0.026136363636363735
03 0.17375000000000002 0.605625 0.06998579545454545 0.04373579545454542
08 0.20625 0.25 0.04246951219512199 0.07746951219512199
03 0.7193750000000001 0.426875 0.02123214285714281 0.048732142857142835
09 0.6225 0.8362499999999999 0.06748750000000003 0.0899875
