07 0.4193791118421053 0.766875 0.018741776315789493 0.05873355263157887
20 0.184375 0.948125 0.016241610738255058 0.016241610738254808
03 0.074375 0.360625 0.07870689655172414 0.03870689655172416
20 0.814375 0.2375 0.013744444444444337 0.009994444444444445
20 0.43125 0.43125 0.017488095238095303 0.014988095238095245
06 0.26437499999999997 0.75125 0.05374297752808985 0.02749297752808988
09 0.650625 0.627498774509804 0.02624509803921571 0.039997549019607836
02 0.9037392241379311 0.229375 0.019978448275862037 0.01870689655172414
19 0.326875 0.52875 0.028728448275862017 0.01747844827586198
03 0.23247159090909092 0.28312499999999996 0.007443181818181821 0.01613636363636367
