03 0.386875 0.339375 0.04123355263157891 0.10623355263157896
18 0.760625 0.585 0.04374161073825489 0.04499161073825508
03 0.511875 0.446875 0.11120689655172411 0.06120689655172412
12 0.531875 0.78375 0.10124444444444447 0.10749444444444445
05 0.09125 0.94875 0.06998809523809524 0.04748809523809516
12 0.85 0.640625 0.07249297752808981 0.08374297752808979
05 0.709375 0.59625 0.06874509803921569 0.03499509803921563
07 0.7106250000000001 0.78625 0.12370689655172418 0.11495689655172403
01 0.48812500000000003 0.328125 0.03872844827586208 0.026228448275862015
04 0.40312499999999996 0.093125 0.0611363636363636 0.048636363636363644
