06 0.719375 0.135625 0.11623355263157897 0.036233552631578944
03 0.4225 0.298125 0.022491610738255063 0.023741610738255037
15 0.31000000000000005 0.7462500000000001 0.10245689655172413 0.029956896551724177
12 0.37125 0.86625 0.0374944444444445 0.03999444444444433
13 0.728125 0.88375 0.10373809523809507 0.07248809523809518
03 0.68875 0.05500000000000001 0.0524929775280899 0.059992977528089894
19 0.721875 0.9606250000000001 0.028745098039215766 0.038745098039215775
08 0.5075 0.91125 0.034956896551724126 0.04495689655172419
01 0.163125 0.266875 0.031228448275862075 0.021228448275862066
15 0.20124999999999998 0.843125 0.032386363636363685 0.023636363636363678
