01 0.343125 0.5406249999999999 0.016233552631578885 0.01123355263157888
03 0.94 0.5675 0.022491610738255008 0.034991610738255075
06 0.661875 0.07999999999999999 0.036206896551724155 0.06495689655172414
06 0.084375 0.085625 0.07124444444444444 0.051244444444444454
15 0.809375 0.025625000000000002 0.031238095238095176 0.016238095238095236
15 0.883125 0.61875 0.03874297752808986 0.01749297752808987
06 0.418125 0.489375 0.011245098039215695 0.038745098039215664
20 0.113125 0.87375 0.026206896551724146 0.02745689655172412
20 0.3575 0.068125 0.024978448275862042 0.01872844827586207
01 0.325625 0.148125 0.02113636363636362 0.013636363636363641
15 0.6475 0.1325 0.022485795454545432 0.01498579545454548
03 0.273125 0.058124999999999996 0.04871951219512197 0.031219512195121944
04 0.74875 0.279375 0.029982142857142846 0.026232142857142815
