08 0.884375 0.623125 0.02873355263157884 0.06623355263157893
14 0.45125 0.621875 0.042491610738255026 0.05124161073825495
14 0.93625 0.8625 0.04495689655172408 0.0649568965517241
08 0.190625 0.599375 0.02374444444444443 0.051244444444444426
03 0.35125 0.20500000000000002 0.02248809523809525 0.03748809523809529
18 0.485 0.8125 0.029992977528089826 0.03249297752808977
02 0.8125 0.56875 0.03749509803921569 0.05749509803921571
12 0.21000000000000002 0.7931250000000001 0.07995689655172414 0.06370689655172412
17 0.565 0.974375 0.05247844827586212 0.04122844827586225
06 0.1174715909090909 0.763125 0.07744318181818181 0.1061363636363638
20 0.6131249999999999 0.6775 0.02873579545454541 0.029985795454545272
