05 0.16000000000000003 0.869375 0.024983552631578948 0.04123355263157891
04 0.418125 0.7518750000000001 0.04124161073825505 0.026241610738254928
18 0.028125 0.48062499999999997 0.02620689655172414 0.028706896551724148
20 0.501875 0.936875 0.03374444444444452 0.023744444444444346
07 0.6693749999999999 0.684375 0.12623809523809526 0.058738095238095145
08 0.35125 0.406875 0.019992977528089817 0.05874297752808988
08 0.44125000000000003 0.85625 0.02499509803921568 0.02999509803921574
03 0.136875 0.53875 0.02120689655172414 0.03745689655172413
15 0.07375 0.25 0.027478448275862065 0.032478448275862076
18 0.46687500000000004 0.31375 0.023636363636363622 0.027386363636363598
