08 0.728125 0.526875 0.026233552631578894 0.03873355263157885
05 0.49875 0.86375 0.01749161073825506 0.03999161073825497
14 0.65625 0.5225 0.039956896551724075 0.029956896551724177
18 0.200625 0.250625 0.021244444444444427 0.02374444444444443
04 0.595 0.32 0.029988095238095314 0.02248809523809525
08 0.016875 0.62875 0.01874297752808989 0.019992977528089817
06 0.7456237745098039 0.12625 0.04874754901960787 0.07249509803921568
11 0.63125 0.7481249999999999 0.029956896551724066 0.02120689655172414
03 0.7806249999999999 0.30062500000000003 0.01622844827586223 0.06872844827586205
07 0.5319034090909092 0.32499999999999996 0.043693181818181714 0.09488636363636366
08 0.971875 0.895625 0.02873579545454541 0.0287357954545453
