05 0.545625 0.448125 0.04873355263157886 0.023733552631578947
03 0.134375 0.796875 0.031241610738255043 0.028741610738254986
01 0.9493750000000001 0.729375 0.0337068965517241 0.0387068965517241
06 0.321875 0.48812361111111113 0.10374444444444442 0.043747222222222215
05 0.55625 0.023125 0.044988095238095216 0.02373809523809524
13 0.5487500000000001 0.07 0.08499297752808987 0.0924929775280899
13 0.7575000000000001 0.564375 0.06499509803921566 0.08874509803921571
18 0.6368750000000001 0.108125 0.023706896551724088 0.026206896551724118
03 0.675625 0.91125 0.03122844827586224 0.06747844827586214
09 0.776875 0.15937500000000002 0.04613636363636375 0.06363636363636366
