03 0.556875 0.790625 0.04123355263157891 0.043733552631578965
03 0.26 0.5375 0.01749161073825506 0.014991610738255057
09 0.5525 0.700625 0.02745689655172412 0.023706896551724088
16 0.5843750000000001 0.6575 0.02124444444444451 0.04499444444444434
03 0.4875 0.8631249999999999 0.02248809523809525 0.041238095238095185
20 0.025 0.146875 0.019992977528089886 0.0187429775280899
18 0.63625 0.9412499999999999 0.01999509803921562 0.022495098039215677
20 0.420625 0.405 0.021206896551724086 0.02245689655172417
03 0.0925 0.10999999999999999 0.03247844827586206 0.05747844827586206
06 0.47687500000000005 0.7555965909090909 0.0611363636363636 0.03869318181818193
10 0.31375 0.25125 0.03498579545454544 0.027485795454545492
