01 0.7262500000000001 0.26375000000000004 0.02498355263157881 0.024983552631578976
03 0.271875 0.8125 0.033741610738255046 0.01999161073825495
18 0.6012500000000001 0.550625 0.02495689655172406 0.028706896551724093
03 0.2975 0.25 0.03499444444444444 0.05499444444444443
03 0.42375297619047614 0.72625 0.04999404761904763 0.017488095238095136
20 0.88875 0.7 0.029992977528089826 0.029992977528089937
07 0.4075 0.03874877450980392 0.01749509803921573 0.04499754901960785
04 0.843125 0.921875 0.036206896551724155 0.026206896551724146
20 0.549375 0.338125 0.02372844827586207 0.02372844827586207
06 0.744375 0.8006249999999999 0.10363636363636375 0.02363636363636379
00 0.483125 0.810625 0.041235795454545476 0.03873579545454531
07 0.806875 0.765625 0.011219512195121961 0.08121951219512202
