07 0.236875 0.48625 0.01873355263157897 0.04998355263157894
06 0.5543750000000001 0.384375 0.07874161073825514 0.061241610738255015
06 0.176875 0.5 0.06120689655172412 0.062456896551724095
15 0.94875 0.371875 0.03499444444444433 0.03124444444444452
13 0.45875 0.6993750000000001 0.12748809523809523 0.05373809523809514
01 0.45999999999999996 0.29874999999999996 0.02249297752808982 0.024992977528089877
09 0.89625 0.546875 0.03749509803921569 0.03624509803921572
12 0.188125 0.59875 0.10620689655172413 0.06495689655172421
02 0.0625 0.6243750000000001 0.029978448275862067 0.0637284482758621
07 0.16562500000000002 0.754346590909091 0.08613636363636365 0.08869318181818187
