03 0.190625 0.36 0.07123355263157896 0.02498355263157892
19 0.09875 0.035625 0.03499161073825505 0.031241610738255026
03 0.81 0.46625 0.032456896551724124 0.05245689655172414
08 0.88625 0.543125 0.01499444444444431 0.018744444444444452
07 0.558125 0.959375 0.013738095238095216 0.058738095238095145
08 0.15625 0.764375 0.04499297752808987 0.018742977528089844
11 0.86625 0.7262500000000001 0.03749509803921569 0.032495098039215686
06 0.9237500000000001 0.7831250000000001 0.08745689655172406 0.04620689655172405
14 0.7562500000000001 0.10187500000000001 0.03747844827586222 0.05622844827586207
14 0.5675 0.02375 0.04488636363636367 0.02988636363636363
06 0.7925 0.6143714488636363 0.03498579545454539 0.02624289772727273
