12 0.448125 0.09125 0.05873355263157887 0.06748355263157894
18 0.375 0.5431250000000001 0.027491610738255012 0.031241610738255043
06 0.24686422413793102 0.6025 0.13872844827586206 0.09245689655172418
15 0.47875 0.4325 0.08999444444444449 0.044994444444444504
04 0.19625 0.250625 0.03498809523809526 0.028738095238095285
03 0.90125 0.025625000000000002 0.057492977528089906 0.021242977528089887
11 0.6325000000000001 0.053125000000000006 0.042495098039215695 0.02874509803921569
05 0.505625 0.329375 0.026206896551724146 0.048706896551724166
03 0.39749999999999996 0.26125 0.04247844827586206 0.024978448275862097
03 0.53 0.44625000000000004 0.07238636363636358 0.05738636363636357
08 0.38187144886363633 0.64125 0.07624289772727272 0.022485795454545432
