03 0.5275 0.138125 0.037483552631578876 0.036233552631578944
06 0.061875 0.093125 0.01624161073825503 0.01874161073825506
00 0.848125 0.709375 0.008706896551724075 0.008706896551724075
08 0.295625 0.398125 0.01624444444444445 0.033744444444444466
08 0.49062797619047616 0.91875 0.018744047619047632 0.024988095238095087
03 0.9593750000000001 0.6643749999999999 0.01374297752808984 0.016242977528089786
18 0.7106250000000001 0.25875000000000004 0.011245098039215695 0.012495098039215724
03 0.04375 0.508125 0.009956896551724138 0.028706896551724148
03 0.179375 0.6950000000000001 0.008728448275862055 0.02747844827586221
09 0.479375 0.826875 0.011136363636363611 0.018636363636363784
20 0.685 0.885625 0.009985795454545365 0.011235795454545228
13 0.523125 0.11812500000000001 0.02121951219512197 0.011219512195121947
