10 0.224375 0.51 0.036233552631578986 0.03498355263157893
14 0.589375 0.32875 0.056241610738255066 0.02999161073825507
03 0.5612607758620689 0.603125 0.07497844827586209 0.0387068965517241
03 0.76 0.565 0.017494444444444368 0.019994444444444537
04 0.566875 0.45625000000000004 0.031238095238095287 0.029988095238095258
06 0.26125 0.188125 0.07749297752808987 0.01874297752808987
19 0.8775 0.37125 0.03499509803921563 0.032495098039215686
06 0.959375 0.808739224137931 0.028706896551724093 0.022478448275862095
14 0.7675000000000001 0.431875 0.029978448275862157 0.021228448275862066
07 0.6 0.95 0.03488636363636366 0.009886363636363749
01 0.12125 0.255625 0.01748579545454547 0.016235795454545454
