05 0.81875 0.08249999999999999 0.03498355263157893 0.037483552631578945
18 0.30874999999999997 0.50875 0.02499161073825501 0.027491610738255068
06 0.286239224137931 0.205625 0.03497844827586205 0.04620689655172411
01 0.515625 0.45625000000000004 0.016244444444444506 0.014994444444444477
15 0.579375 0.38187499999999996 0.01873809523809522 0.0487380952380953
02 0.315 0.8087500000000001 0.10749297752808984 0.05499297752808985
09 0.54 0.46187500000000004 0.05499509803921565 0.051245098039215675
18 0.72875 0.5549999999999999 0.022456896551724115 0.02495689655172406
03 0.20375 0.24437499999999998 0.017478448275862063 0.06372844827586205
06 0.22999999999999998 0.5506249999999999 0.08488636363636368 0.013636363636363558
