03 0.21875 0.075 0.012483552631578965 0.009983552631578962
14 0.47687500000000005 0.899375 0.033741610738255046 0.013741610738254972
08 0.41312499999999996 0.8518749999999999 0.01870689655172414 0.01370689655172408
01 0.045 0.360625 0.009994444444444445 0.008744444444444499
15 0.7337499999999999 0.58125 0.02248809523809514 0.027488095238095256
19 0.9368749999999999 0.58125 0.01374297752808984 0.022492977528089875
04 0.68625 0.3325 0.009995098039215722 0.009995098039215666
13 0.464375 0.064375 0.028706896551724148 0.07120689655172413
10 0.485625 0.066875 0.013728448275862115 0.013728448275862067
02 0.1656534090909091 0.9168465909090909 0.031193181818181814 0.008693181818181905
