03 0.6256291118421053 0.5975 0.021241776315789385 0.03498355263157893
06 0.7424999999999999 0.9006229026845638 0.08749161073825495 0.05374580536912743
12 0.17875 0.36812500000000004 0.034956896551724126 0.04620689655172411
20 0.49875 0.754375 0.017494444444444535 0.0212444444444444
06 0.08937500000000001 0.23249999999999998 0.02623809523809524 0.08498809523809525
03 0.7418750000000001 0.9512499999999999 0.023742977528089848 0.07749297752808981
10 0.6331249999999999 0.8206249999999999 0.028745098039215766 0.021245098039215704
09 0.435625 0.54625 0.02120689655172414 0.03495689655172418
13 0.08499999999999999 0.835 0.05247844827586206 0.032478448275862215
03 0.841875 0.323125 0.04113636363636375 0.04613636363636364
10 0.7024999999999999 0.81 0.02248579545454532 0.02248579545454532
07 0.314375 0.424375 0.03121951219512198 0.06371951219512195
