06 0.7075 0.406875 0.04498355263157894 0.07623355263157888
18 0.8525 0.8775 0.01999161073825484 0.022491610738255008
03 0.5718749999999999 0.36 0.02120689655172414 0.01745689655172411
06 0.1975 0.65625 0.009994444444444417 0.07999444444444437
04 0.131875 0.67875 0.03373809523809522 0.019988095238095194
03 0.59625 0.06625 0.03749297752808978 0.05999297752808989
04 0.35125 0.73 0.027495098039215682 0.03749509803921569
06 0.21437499999999998 0.468125 0.021206896551724114 0.11370689655172411
04 0.503125 0.8525 0.03372844827586208 0.029978448275862157
04 0.5975 0.768125 0.027386363636363598 0.021136363636363842
20 0.395 0.7581249999999999 0.027485795454545492 0.02623579545454524
