18 0.825625 0.690625 0.02123355263157889 0.023733552631578836
03 0.684375 0.134375 0.04374161073825489 0.05374161073825505
01 0.379375 0.18937500000000002 0.013706896551724135 0.01620689655172411
11 0.98125 0.5025 0.02499444444444443 0.022494444444444484
08 0.521875 0.931875 0.04373809523809524 0.02623809523809517
08 0.9762500000000001 0.1275 0.02499297752808982 0.034992977528089886
04 0.27875 0.46125 0.02999509803921574 0.01999509803921573
11 0.1625 0.846875 0.032456896551724124 0.03120689655172415
05 0.905625 0.5225 0.01372844827586217 0.032478448275862104
08 0.20875 0.401875 0.017386363636363672 0.046136363636363587
04 0.6825 0.5325 0.02498579545454538 0.017485795454545427
00 0.27125 0.176875 0.03746951219512196 0.03371951219512198
04 0.1375 0.135625 0.02748214285714287 0.021232142857142866
