03 0.7250000000000001 0.468125 0.04998355263157894 0.10373355263157885
13 0.7525 0.31125 0.10749161073825497 0.077491610738255
13 0.57125 0.866875 0.1274568965517241 0.12120689655172412
06 0.719375 0.40375 0.043744444444444364 0.12249444444444446
01 0.5531250000000001 0.74 0.0462380952380953 0.044988095238095216
03 0.38249999999999995 0.08499999999999999 0.10999297752808984 0.0324929775280899
14 0.1587487745098039 0.7618750000000001 0.07749754901960784 0.04124509803921572
03 0.473125 0.448125 0.04620689655172411 0.02120689655172414
03 0.75 0.738125 0.04747844827586212 0.07372844827586222
15 0.524375 0.69125 0.03613636363636363 0.08238636363636376
19 0.280625 0.895625 0.02373579545454546 0.041235795454545254
03 0.213125 0.37812500000000004 0.038719512195121986 0.07121951219512196
03 0.91125 0.22375 0.05998214285714276 0.027482142857142844
