03 0.028125 0.676875 0.016233552631578947 0.021233552631579
20 0.06 0.653125 0.01749161073825503 0.01624161073825492
04 0.9381250000000001 0.7962499999999999 0.02120689655172414 0.022456896551724115
05 0.69125 0.40874999999999995 0.01499444444444431 0.034994444444444495
03 0.35624999999999996 0.51875 0.024988095238095254 0.017488095238095247
04 0.40625 0.63625 0.019992977528089817 0.022492977528089875
04 0.6912499999999999 0.250625 0.01999509803921573 0.011245098039215667
04 0.90875 0.19374999999999998 0.022456896551724115 0.017456896551724138
03 0.614375 0.14125000000000001 0.028728448275862073 0.03997844827586207
08 0.53625 0.8187500000000001 0.012386363636363695 0.014886363636363753
06 0.9325 0.13187500000000002 0.04998579545454529 0.06873579545454547
10 0.8981250000000001 0.655 0.013719512195122019 0.014969512195121992
03 0.12562500000000001 0.75125 0.02123214285714288 0.022482142857142784
