19 0.064375 0.339375 0.026233552631578956 0.02123355263157889
14 0.888125 0.22625 0.06624161073825496 0.029991610738255042
08 0.8456250000000001 0.9043749999999999 0.10370689655172416 0.04120689655172416
06 0.49250000000000005 0.24062500000000003 0.04749444444444456 0.1687444444444445
01 0.318125 0.0975 0.04873809523809525 0.04498809523809523
13 0.69 0.81 0.13749297752808987 0.15749297752808988
13 0.15125 0.485 0.14499509803921568 0.022495098039215677
13 0.6925 0.666875 0.12245689655172409 0.18120689655172417
06 0.173125 0.30625 0.031228448275862075 0.05997844827586207
05 0.4225 0.32 0.05238636363636362 0.06738636363636363
