02 0.8325 0.671875 0.03248355263157887 0.053733552631578974
10 0.36 0.11249999999999999 0.022491610738255063 0.019991610738255047
15 0.345 0.5643750000000001 0.02995689655172412 0.03120689655172415
04 0.666875 0.130625 0.0212444444444444 0.026244444444444445
03 0.184375 0.8325 0.016238095238095274 0.019988095238095083
12 0.2375 0.79125 0.02749297752808985 0.03249297752808977
01 0.3425 0.045625 0.029995098039215684 0.021245098039215683
18 0.436875 0.825625 0.01870689655172414 0.02120689655172414
04 0.095 0.375 0.027478448275862072 0.024978448275862042
12 0.8362499999999999 0.4225 0.06988636363636369 0.05488636363636362
03 0.37875000000000003 0.068125 0.022485795454545487 0.026235795454545463
05 0.516875 0.098125 0.026219512195121975 0.023719512195121945
03 0.48812500000000003 0.618125 0.01623214285714286 0.033732142857142766
