02 0.365 0.94875 0.019983552631578916 0.017483552631578858
02 0.365625 0.027499999999999997 0.04624161073825506 0.02499161073825503
15 0.7424999999999999 0.065625 0.012456896551724106 0.016206896551724144
20 0.12375 0.11624999999999999 0.017494444444444465 0.01249444444444446
20 0.5293749999999999 0.35 0.013738095238095327 0.014988095238095245
08 0.780625 0.06375 0.03874297752808986 0.01999297752808988
03 0.44499999999999995 0.63875 0.0499950980392157 0.06749509803921572
09 0.91125 0.46499999999999997 0.019956896551724057 0.027456896551724175
07 0.1675 0.23249999999999998 0.05497844827586207 0.03497844827586208
02 0.348125 0.31625 0.021136363636363564 0.029886363636363655
15 0.9575035511363637 0.28625 0.01249289772727269 0.012485795454545423
03 0.8125 0.26375000000000004 0.01746951219512205 0.017469512195121994
