06 0.095625 0.07624999999999998 0.013733552631578938 0.037483552631578945
08 0.623125 0.8525 0.02624161073825504 0.0274916107382549
03 0.394989224137931 0.360625 0.04247844827586206 0.028706896551724148
20 0.9143749999999999 0.41125 0.026244444444444404 0.02499444444444454
03 0.235625 0.05375 0.028738095238095285 0.022488095238095238
08 0.93625 0.384375 0.02749297752808988 0.023742977528089848
14 0.934375 0.9225 0.031245098039215713 0.03749509803921569
14 0.9293750000000001 0.974375 0.026206896551724035 0.016206896551724137
14 0.28500000000000003 0.5275000000000001 0.017478448275862035 0.032478448275862104
03 0.914375 0.660625 0.02113636363636373 0.013636363636363669
18 0.348125 0.133125 0.018735795454545456 0.02123579545454546
