03 0.39625 0.84125 0.027483552631578867 0.01748355263157897
06 0.78 0.52 0.02999161073825496 0.0649916107382551
03 0.5525 0.51125 0.01745689655172411 0.03245689655172418
14 0.1725 0.73125 0.029994444444444435 0.037494444444444386
13 0.709375 0.89125 0.07873809523809516 0.04998809523809511
13 0.7287517556179776 0.935 0.049996488764044944 0.027492977528089768
08 0.858125 0.44624877450980394 0.031245098039215713 0.037497549019607834
07 0.445625 0.16749999999999998 0.05870689655172412 0.027456896551724147
01 0.953125 0.575 0.021228448275862233 0.022478448275862095
11 0.7606250000000001 0.6675 0.026136363636363735 0.02738636363636371
03 0.896875 0.923125 0.03873579545454531 0.031235795454545356
07 0.654375 0.548125 0.04121951219512199 0.03121951219512198
02 0.123125 0.469375 0.038732142857142854 0.036232142857142824
13 0.899375 0.80125 0.02873749999999997 0.04498749999999996
