10 0.38312500000000005 0.050625 0.0337335526315789 0.023733552631578947
04 0.963125 0.2475 0.026241610738254817 0.01749161073825503
09 0.9512499999999999 0.47 0.029956896551724177 0.03995689655172413
07 0.53125 0.8425 0.06249444444444441 0.029994444444444324
02 0.65625 0.630625 0.03498809523809521 0.05373809523809525
17 0.6125 0.45562499999999995 0.047492977528089786 0.031242977528089855
01 0.8975 0.0325 0.024995098039215624 0.017495098039215687
03 0.057499999999999996 0.77875 0.024956896551724138 0.06995689655172421
00 0.533125 0.13375 0.03872844827586208 0.02997844827586206
03 0.09812499999999999 0.265625 0.021136363636363634 0.02113636363636362
03 0.94625 0.35562499999999997 0.024985795454545268 0.05373579545454549
