03 0.8987499999999999 0.6168750000000001 0.047483552631578996 0.033733552631578845
03 0.611875 0.4425 0.07374161073825491 0.05749161073825504
15 0.84125 0.9606250000000001 0.01745689655172422 0.03120689655172415
08 0.343125 0.93875 0.05874444444444449 0.03249444444444438
09 0.255 0.275625 0.05498809523809525 0.058738095238095284
12 0.078125 0.499375 0.056242977528089884 0.05124297752808987
14 0.9024987745098039 0.739375 0.04499754901960784 0.056245098039215735
11 0.05875 0.8362499999999999 0.05495689655172414 0.03495689655172407
01 0.03125 0.3025 0.04497844827586207 0.04497844827586206
06 0.12252840909090909 0.13062500000000002 0.029943181818181827 0.11613636363636366
06 0.515625 0.253125 0.036235795454545416 0.14373579545454548
20 0.74625 0.229375 0.029969512195122006 0.02121951219512197
03 0.066875 0.079375 0.04373214285714286 0.05373214285714286
00 0.70625 0.58875 0.05998749999999997 0.049987500000000074
