08 0.87 0.23875 0.014983552631578911 0.052483552631578945
04 0.7887500000000001 0.396875 0.014991610738254946 0.013741610738255028
10 0.9325 0.41375 0.01745689655172411 0.019956896551724168
16 0.6356249999999999 0.5237499999999999 0.033744444444444466 0.03249444444444449
14 0.631875 0.93875 0.021238095238095278 0.037488095238095154
04 0.6125 0.954375 0.032492977528089884 0.023742977528089848
13 0.13625 0.1225 0.027495098039215696 0.05499509803921569
08 0.5225 0.2525 0.00995689655172416 0.0399568965517241
13 0.54 0.8668750000000001 0.0274784482758621 0.026228448275862237
04 0.8525 0.605625 0.024886363636363762 0.018636363636363562
03 0.10625000000000001 0.028749999999999998 0.012485795454545465 0.019985795454545454
06 0.836875 0.048125 0.08121951219512191 0.05121951219512195
