08 0.079375 0.469375 0.016233552631578954 0.031233552631578898
03 0.979375 0.19187500000000002 0.016241610738254808 0.04874161073825503
04 0.303125 0.43062500000000004 0.0362068965517241 0.03370689655172415
13 0.0925 0.8362499999999999 0.03499444444444445 0.11249444444444434
18 0.838125 0.3125 0.023738095238095114 0.027488095238095256
09 0.716875 0.43374999999999997 0.028742977528089853 0.04749297752808984
14 0.408125 0.5606249999999999 0.05874509803921568 0.018745098039215757
04 0.725 0.9356249999999999 0.03495689655172418 0.023706896551724088
18 0.8275 0.885625 0.024978448275862153 0.026228448275862126
05 0.3325 0.6112500000000001 0.034886363636363604 0.022386363636363593
20 0.0775 0.155625 0.019985795454545457 0.018735795454545484
05 0.38187499999999996 0.4575 0.023719512195121972 0.034969512195121955
