01 0.895 0.23312500000000003 0.029983552631578925 0.021233552631578972
06 0.095625 0.8899999999999999 0.013741610738255056 0.07999161073825489
08 0.0225 0.97 0.02245689655172414 0.029956896551724177
15 0.8956263888888889 0.65375 0.038747222222222266 0.02499444444444443
03 0.17375000000000002 0.37 0.014988095238095273 0.03498809523809526
17 0.1525 0.75 0.034992977528089886 0.02749297752808988
10 0.260625 0.678125 0.02624509803921571 0.028745098039215655
03 0.016875 0.988125 0.013706896551724137 0.016206896551724137
06 0.37812500000000004 0.6056250000000001 0.08872844827586207 0.08872844827586213
03 0.16562500000000002 0.5037499999999999 0.026136363636363652 0.022386363636363593
06 0.6356249999999999 0.9612499999999999 0.07123579545454539 0.044985795454545285
