04 0.45375 0.8687499999999999 0.047483552631578885 0.03248355263157887
15 0.19 0.22749999999999998 0.03999161073825505 0.06749161073825502
06 0.31 0.821875 0.07995689655172411 0.14120689655172414
03 0.8981250000000001 0.2212486111111111 0.06874444444444439 0.034997222222222235
15 0.059375 0.19125 0.026238095238095227 0.08998809523809526
13 0.21062675561797753 0.706875 0.10374648876404496 0.05124297752808982
09 0.7425 0.285625 0.0474950980392157 0.03624509803921566
01 0.569375 0.360625 0.028706896551724093 0.023706896551724144
20 0.14875 0.3575 0.032478448275862076 0.024978448275862042
01 0.12125 0.18125 0.03988636363636365 0.03238636363636366
03 0.46125000000000005 0.348125 0.1474857954545455 0.041235795454545476
