18 0.23625 0.215 0.01998355263157897 0.022483552631578974
12 0.306875 0.736875 0.031241610738255043 0.03374161073825499
07 0.186875 0.380625 0.02870689655172412 0.023706896551724144
14 0.8725 0.47250000000000003 0.02249444444444426 0.044994444444444504
10 0.03 0.476875 0.019988095238095232 0.021238095238095278
03 0.7618750000000001 0.851875 0.03374297752808986 0.018742977528089844
10 0.196875 0.4525 0.023745098039215706 0.017495098039215673
11 0.96375 0.955625 0.022456896551724226 0.023706896551724088
06 0.68625 0.220625 0.0174784482758622 0.016228448275862062
20 0.459375 0.919375 0.013636363636363613 0.01363636363636378
06 0.808125 0.18375 0.03873579545454531 0.05748579545454546
03 0.4475 0.09625 0.03746951219512196 0.024969512195121946
15 0.038125 0.689375 0.021232142857142856 0.016232142857142806
19 0.32625 0.755 0.022487499999999994 0.012487499999999985
