03 0.719375 0.460625 0.023733552631578947 0.06873355263157888
18 0.486875 0.763125 0.031241610738255043 0.03374161073825499
14 0.78375 0.83875 0.04245689655172413 0.057456896551724146
05 0.33499999999999996 0.4599986111111111 0.05749444444444446 0.0424972222222223
03 0.865 0.104375 0.037488095238095154 0.05373809523809524
12 0.114375 0.814375 0.04374297752808988 0.04874297752808987
03 0.11000000000000001 0.155 0.0949950980392157 0.052495098039215704
06 0.52125 0.61 0.01745689655172411 0.05995689655172409
06 0.334375 0.6587500000000001 0.028728448275862073 0.05497844827586218
13 0.791875 0.5987500000000001 0.0386363636363638 0.17238636363636373
04 0.861875 0.640625 0.04623579545454526 0.03623579545454536
