08 0.61625 0.6262458881578947 0.039983552631578934 0.05499177631578944
04 0.7581249999999999 0.156875 0.03124161073825482 0.021241610738255062
06 0.7637499999999999 0.11 0.014956896551724053 0.02745689655172412
20 0.6875 0.5 0.02499444444444432 0.01999444444444448
06 0.7481249999999999 0.7718750000000001 0.051238095238095194 0.011238095238095158
00 0.060625 0.26749999999999996 0.033742977528089885 0.027492977528089824
20 0.576875 0.026875000000000003 0.021245098039215704 0.01874509803921569
08 0.8937607758620689 0.294375 0.04247844827586211 0.0337068965517241
08 0.818125 0.5475 0.03122844827586224 0.05997844827586207
03 0.9581534090909091 0.48812500000000003 0.02119318181818186 0.038636363636363635
13 0.21875 0.69375 0.07498579545454545 0.03998579545454528
08 0.8731249999999999 0.273125 0.043719512195122046 0.03121951219512198
07 0.196875 0.82875 0.04623214285714283 0.014982142857142833
04 0.039375 0.14125 0.0262375 0.027487500000000026
