03 0.5506249999999999 0.089375 0.04123355263157891 0.051233552631578944
14 0.33375 0.8925000000000001 0.03749161073825502 0.024991610738254955
06 0.13811422413793104 0.22375 0.01372844827586206 0.022456896551724115
18 0.05875 0.27249999999999996 0.019994444444444447 0.022494444444444428
03 0.450625 0.53375 0.051238095238095305 0.03998809523809521
18 0.7575000000000001 0.388125 0.019992977528089928 0.023742977528089848
06 0.26187622549019607 0.551875 0.013747549019607841 0.023745098039215762
03 0.408125 0.36750000000000005 0.06370689655172412 0.02995689655172412
08 0.6375 0.5275000000000001 0.01997844827586215 0.047478448275862006
13 0.4525 0.38187499999999996 0.06238636363636357 0.03363636363636363
03 0.23625 0.388125 0.02998579545454544 0.0662357954545455
