18 0.28 0.5762499999999999 0.024983552631578976 0.027483552631578978
09 0.5549999999999999 0.78 0.03749161073825513 0.022491610738254897
01 0.360625 0.205625 0.021206896551724086 0.02120689655172414
06 0.28125 0.9081236111111111 0.06499444444444444 0.06124722222222223
04 0.133125 0.375625 0.033738095238095234 0.021238095238095278
20 0.7124999999999999 0.27 0.012492977528089866 0.009992977528089864
03 0.070625 0.440625 0.07124509803921568 0.02624509803921571
08 0.104375 0.655625 0.031206896551724136 0.061206896551724066
15 0.591875 0.022500000000000003 0.028728448275862073 0.03497844827586207
09 0.042499999999999996 0.8356250000000001 0.03238636363636363 0.051136363636363646
08 0.30562500000000004 0.433125 0.02373579545454546 0.013735795454545452
08 0.323125 0.37875000000000003 0.04871951219512194 0.034969512195121955
20 0.030625 0.021875 0.023732142857142854 0.026232142857142857
