13 0.81 0.77125 0.07998355263157897 0.009983552631578907
10 0.536875 0.038125 0.038741610738254995 0.03374161073825503
01 0.03375 0.795625 0.03245689655172414 0.028706896551724093
08 0.8887499999999999 0.59875 0.027494444444444377 0.06499444444444458
03 0.26 0.448125 0.034988095238095235 0.023738095238095225
05 0.09375 0.491875 0.03999297752808989 0.0212429775280899
09 0.1525 0.9575 0.02499509803921568 0.034995098039215744
20 0.73125 0.510625 0.029956896551724177 0.028706896551724093
13 0.133125 0.545625 0.023728448275862055 0.0637284482758621
14 0.8887499999999999 0.038125 0.02738636363636371 0.026136363636363635
01 0.626875 0.139375 0.031235795454545467 0.02373579545454546
09 0.419375 0.6599999999999999 0.02121951219512197 0.03496951219512201
03 0.2925 0.593125 0.03498214285714285 0.04623214285714283
03 0.72125 0.97375 0.029987499999999945 0.0324875
