05 0.284375 0.8125 0.02873355263157895 0.019983552631578805
09 0.34375 0.54875 0.03249161073825502 0.024991610738255066
20 0.77125 0.83375 0.014956896551724164 0.014956896551724164
06 0.605 0.255 0.047494444444444506 0.04999444444444445
18 0.794375 0.88 0.021238095238095167 0.02248809523809503
03 0.15624824438202245 0.325 0.009996488764044936 0.039992977528089835
13 0.46499999999999997 0.7518750000000001 0.047495098039215644 0.028745098039215766
15 0.79 0.174375 0.02745689655172412 0.023706896551724144
03 0.291875 0.7306250000000001 0.03872844827586208 0.018728448275862175
08 0.849375 0.786875 0.016136363636363726 0.06363636363636371
12 0.344375 0.805625 0.04623579545454548 0.041235795454545365
12 0.681875 0.846875 0.033719512195121926 0.03371951219512204
