18 0.16625 0.060625 0.024983552631578976 0.02873355263157895
03 0.7150000000000001 0.71 0.029991610738254848 0.06499161073825488
20 0.6256250000000001 0.839375 0.03120689655172415 0.0237068965517242
01 0.7106250000000001 0.136875 0.01874444444444434 0.021244444444444455
11 0.6168750000000001 0.41125 0.033738095238095345 0.03248809523809526
03 0.66125 0.916875 0.09999297752808989 0.02124297752808979
10 0.66 0.6487499999999999 0.03749509803921569 0.02999509803921574
03 0.425 0.535625 0.032456896551724124 0.08120689655172414
06 0.839375 0.280625 0.02372844827586218 0.02622844827586207
03 0.6168750000000001 0.16 0.05613636363636365 0.03238636363636366
05 0.7618750000000001 0.879375 0.021235795454545348 0.04623579545454537
