18 0.390625 0.05625 0.016233552631578885 0.019983552631578957
20 0.5818749999999999 0.6074999999999999 0.018741610738255088 0.017491610738255114
20 0.423125 0.47562499999999996 0.02620689655172409 0.01870689655172414
02 0.4531236111111111 0.62875 0.03124722222222226 0.02499444444444454
13 0.405625 0.5237499999999999 0.07873809523809527 0.03998809523809521
19 0.58 0.333125 0.01749297752808987 0.023742977528089848
03 0.436875 0.55875 0.02874509803921571 0.0474950980392157
18 0.536875 0.535625 0.0237068965517242 0.026206896551724146
07 0.416875 0.18 0.03872844827586208 0.03497844827586205
03 0.906875 0.266875 0.013636363636363669 0.03863636363636366
20 0.213125 0.315625 0.01373579545454548 0.016235795454545454
18 0.501875 0.7593749999999999 0.011219512195121906 0.013719512195122019
15 0.308125 0.43125 0.01623214285714286 0.02248214285714284
