09 0.441875 0.711875 0.013733552631578883 0.02873355263157895
04 0.8656250000000001 0.97 0.03624161073825494 0.017491610738254892
14 0.35 0.4575 0.019956896551724113 0.03995689655172413
03 0.5325 0.57375 0.014994444444444532 0.014994444444444532
01 0.69 0.55 0.009988095238095185 0.009988095238095185
03 0.13 0.815625 0.027492977528089893 0.043742977528089866
11 0.745625 0.834375 0.023745098039215762 0.0162450980392157
10 0.883125 0.723125 0.016206896551724137 0.01370689655172419
03 0.5025 0.16875 0.017478448275862035 0.03497844827586208
08 0.12059659090909092 0.25875000000000004 0.016193181818181815 0.03738636363636366
