15 0.58125 0.68375 0.04498355263157883 0.037483552631578876
03 0.32499999999999996 0.33687500000000004 0.06999161073825505 0.06374161073825507
16 0.279375 0.708125 0.05870689655172412 0.07120689655172407
03 0.05312638888888889 0.5118750000000001 0.04874722222222222 0.04124444444444453
18 0.7875 0.783125 0.037488095238095154 0.03873809523809513
06 0.20499824438202247 0.278125 0.024996488764044922 0.12374297752808985
03 0.091875 0.911875 0.0462450980392157 0.05124509803921562
07 0.1375 0.843125 0.06995689655172413 0.07870689655172414
18 0.20875 0.9299999999999999 0.03497844827586208 0.03747844827586222
10 0.130625 0.45687500000000003 0.04863636363636363 0.028636363636363626
03 0.235625 0.146875 0.026235795454545463 0.04373579545454548
03 0.78625 0.6856249999999999 0.029969512195122006 0.018719512195121912
03 0.8875 0.07187500000000001 0.10748214285714275 0.04123214285714286
14 0.4525 0.71 0.0299875 0.04998749999999996
