05 0.231875 0.26375000000000004 0.011233552631578991 0.024983552631578976
04 0.43125 0.24374999999999997 0.027491610738255068 0.019991610738255033
12 0.443125 0.245 0.026206896551724146 0.02995689655172415
04 0.14250000000000002 0.395625 0.019994444444444454 0.016244444444444506
12 0.61625 0.628125 0.027488095238095256 0.023738095238095336
04 0.39437500000000003 0.229375 0.0187429775280899 0.021242977528089846
13 0.75 0.874375 0.07499509803921578 0.07124509803921564
11 0.043750000000000004 0.789375 0.022456896551724143 0.016206896551724137
10 0.13874999999999998 0.46187500000000004 0.01497844827586206 0.011228448275862057
11 0.25 0.6837500000000001 0.022386363636363676 0.0173863636363637
03 0.495 0.51125 0.012485795454545423 0.06248579545454547
03 0.5 0.965625 0.03246951219512195 0.011219512195121961
