09 0.355 0.723125 0.034983552631578874 0.05873355263157887
20 0.566875 0.116875 0.031241610738255043 0.026241610738255053
07 0.10313577586206896 0.301875 0.07872844827586206 0.036206896551724155
19 0.255 0.73625 0.03499444444444444 0.03499444444444433
03 0.231875 0.763125 0.031238095238095287 0.023738095238095114
03 0.594375 0.936875 0.02124297752808979 0.06374297752808977
03 0.06375 0.485625 0.022495098039215684 0.016245098039215644
12 0.64375 0.31875 0.06245689655172415 0.052456896551724086
01 0.530625 0.6775 0.026228448275862126 0.02747844827586221
03 0.7831250000000001 0.593125 0.03863636363636369 0.09863636363636363
