13 0.725 0.6793750000000001 0.0674835526315789 0.08623355263157884
11 0.046875 0.10125 0.03624161073825502 0.03499161073825506
20 0.6443749999999999 0.90125 0.02120689655172414 0.014956896551724164
03 0.7168749999999999 0.583125 0.02874444444444435 0.03874444444444447
11 0.48875 0.07125000000000001 0.04748809523809522 0.02498809523809524
03 0.611875 0.39437500000000003 0.04874297752808976 0.08874297752808985
04 0.20375 0.69625 0.034995098039215716 0.027495098039215682
06 0.535625 0.8162499999999999 0.028706896551724093 0.0649568965517241
03 0.6443803879310345 0.45 0.036239224137931014 0.039978448275862055
14 0.743125 0.820625 0.05613636363636376 0.04113636363636375
