06 0.38000411184210525 0.81125 0.0049917763157894535 0.02498355263157892
10 0.035 0.725 0.02249161073825503 0.024991610738254844
19 0.913125 0.571875 0.0337068965517241 0.016206896551724137
08 0.420625 0.879375 0.01624444444444445 0.033744444444444355
07 0.095 0.6125 0.03748809523809524 0.02248809523809525
10 0.5743750000000001 0.499375 0.0212429775280899 0.016242977528089897
03 0.88375 0.6756249999999999 0.027495098039215682 0.02374509803921565
06 0.3775 0.181875 0.024956896551724173 0.026206896551724118
02 0.6056303879310345 0.07875 0.016239224137930997 0.027478448275862072
07 0.69625 0.5118750000000001 0.03238636363636371 0.0636363636363636
08 0.745625 0.696875 0.04623579545454537 0.01873579545454529
05 0.48250000000000004 0.47125 0.03246951219512201 0.024969512195122
09 0.825625 0.09812499999999999 0.04123214285714283 0.03123214285714286
