12 0.15500000000000003 0.8206249999999999 0.04998355263157897 0.05623355263157881
11 0.6018749999999999 0.5037499999999999 0.04124161073825505 0.03249161073825502
13 0.641875 0.6599999999999999 0.14120689655172414 0.16495689655172419
06 0.119375 0.6599999999999999 0.08624444444444443 0.06999444444444436
06 0.361875 0.298125 0.05623809523809531 0.026238095238095227
02 0.7481249999999999 0.33625000000000005 0.07374297752808989 0.07249297752808986
13 0.56125 0.7475 0.09999509803921569 0.1299950980392156
01 0.48875 0.578125 0.024956896551724173 0.02120689655172403
06 0.12 0.2925 0.017478448275862077 0.04747844827586206
03 0.6331249999999999 0.44937499999999997 0.028636363636363682 0.038636363636363635
