13 0.23249999999999998 0.704375 0.07498355263157896 0.05373355263157886
06 0.914375 0.66375 0.0537416107382549 0.16249161073825502
03 0.905 0.519375 0.057456896551724146 0.13370689655172413
10 0.95 0.41875 0.057494444444444404 0.0424944444444445
18 0.505625 0.73 0.04373809523809524 0.044988095238095105
03 0.941875 0.540625 0.036242977528089915 0.09374297752808985
20 0.143125 0.5543750000000001 0.04874509803921569 0.038745098039215775
20 0.963125 0.22562500000000002 0.046206896551724164 0.043706896551724134
03 0.839375 0.7575000000000001 0.1162284482758622 0.0649784482758623
06 0.3055965909090909 0.8525 0.05119318181818178 0.05988636363636368
06 0.489375 0.37625 0.08623579545454546 0.2099857954545455
08 0.84375 0.8187500000000001 0.03746951219512207 0.04496951219512202
07 0.3587455357142857 0.930625 0.08249107142857143 0.04873214285714289
