06 0.4525 0.12312500000000001 0.08998355263157892 0.08623355263157896
03 0.7831229026845637 0.763125 0.07124580536912739 0.038741610738254884
01 0.411875 0.16 0.026206896551724146 0.024956896551724117
03 0.16312361111111112 0.86375 0.0612472222222222 0.03249444444444438
03 0.07125 0.5018750000000001 0.03998809523809523 0.04873809523809525
13 0.553125 0.6056250000000001 0.05124297752808982 0.036242977528089804
03 0.29 0.25625 0.042495098039215695 0.03999509803921569
03 0.884375 0.699375 0.028706896551724093 0.026206896551724146
03 0.76125 0.96625 0.03997844827586228 0.049978448275862175
15 0.7262500000000001 0.49187499999999995 0.0173863636363637 0.08863636363636357
08 0.660625 0.8812500000000001 0.03623579545454536 0.03248579545454533
18 0.40875 0.816875 0.022469512195121943 0.023719512195121917
08 0.361875 0.8875 0.02123214285714281 0.012482142857142775
03 0.90625 0.246875 0.05248750000000002 0.03873750000000001
