14 0.603125 0.50375 0.023733552631578947 0.03748355263157893
01 0.10875 0.364375 0.02749161073825504 0.02874161073825504
07 0.703125 0.053125 0.011206896551724022 0.03370689655172414
03 0.829375 0.7324999999999999 0.0362444444444443 0.02499444444444443
03 0.455 0.256875 0.037488095238095265 0.026238095238095283
19 0.9843767556179776 0.056249999999999994 0.028746488764044953 0.042492977528089886
09 0.251875 0.9524999999999999 0.02374509803921568 0.032495098039215686
02 0.813125 0.8775 0.026206896551724146 0.02495689655172406
12 0.48250000000000004 0.315 0.03247844827586205 0.039978448275862055
04 0.640625 0.56 0.03113636363636363 0.027386363636363598
