08 0.9606250000000001 0.698125 0.06623355263157882 0.043733552631578965
03 0.840625 0.691875 0.0537416107382549 0.03374161073825488
12 0.496875 0.8687499999999999 0.06120689655172418 0.06245689655172415
12 0.5406249999999999 0.2 0.043744444444444475 0.04499444444444442
11 0.104375 0.846875 0.04373809523809523 0.03373809523809512
15 0.225 0.650625 0.012492977528089866 0.03374297752808986
03 0.651875 0.40625 0.0837450980392157 0.12999509803921572
17 0.87375 0.6156250000000001 0.04245689655172413 0.04120689655172416
10 0.52625 0.193125 0.039978448275862055 0.038728448275862054
06 0.44875 0.5943750000000001 0.027386363636363598 0.043636363636363584
00 0.84625 0.953125 0.044985795454545285 0.031235795454545245
03 0.236875 0.72875 0.023719512195121972 0.029969512195122006
15 0.46875 0.7549999999999999 0.039982142857142855 0.019982142857142837
20 0.036875 0.085 0.026237499999999997 0.024987499999999996
