01 0.5918749999999999 0.79625 0.02873355263157895 0.022483552631578974
20 0.46562499999999996 0.6625000000000001 0.033741610738255046 0.03749161073825491
03 0.5125 0.19437500000000002 0.034956896551724126 0.02870689655172412
03 0.8043750000000001 0.08625 0.03874444444444436 0.03249444444444445
11 0.059375 0.46375 0.04123809523809523 0.03998809523809527
08 0.576875 0.941875 0.05874297752808988 0.026242977528089906
11 0.75875 0.054375 0.04999509803921576 0.026245098039215695
02 0.6875 0.5331250000000001 0.022456896551724226 0.05620689655172406
06 0.134375 0.433125 0.033728448275862064 0.048728448275862035
06 0.1025 0.2825 0.03488636363636363 0.12988636363636363
06 0.22499999999999998 0.823125 0.019985795454545457 0.041235795454545254
18 0.041874999999999996 0.301875 0.028719512195121946 0.03121951219512198
