20 0.3375 0.535 0.027483552631578922 0.02498355263157892
06 0.7849999999999999 0.28812499999999996 0.0274916107382549 0.018741610738255032
05 0.1175 0.35562499999999997 0.02745689655172412 0.041206896551724104
13 0.395 0.46687500000000004 0.022494444444444484 0.06874444444444455
00 0.961875 0.213125 0.03373809523809512 0.03123809523809526
08 0.890625 0.22499999999999998 0.026242977528089906 0.019992977528089845
03 0.24 0.57125 0.06999509803921566 0.032495098039215686
03 0.05437499999999999 0.9143749999999999 0.07370689655172413 0.05120689655172417
12 0.890625 0.199375 0.03372844827586219 0.07872844827586206
00 0.5249999999999999 0.29874999999999996 0.04238636363636361 0.03738636363636366
03 0.47750000000000004 0.14250000000000002 0.05498579545454546 0.039985795454545475
08 0.37875000000000003 0.88375 0.03996951219512196 0.06246951219512198
03 0.266875 0.4075 0.028732142857142817 0.027482142857142844
