04 0.086875 0.254375 0.04623355263157894 0.04123355263157896
03 0.8456229026845637 0.07375000000000001 0.03624580536912747 0.027491610738255047
04 0.20875 0.3625 0.04745689655172414 0.032456896551724124
08 0.74 0.78375 0.037494444444444275 0.04249444444444428
14 0.510625 0.73 0.07373809523809527 0.06748809523809518
14 0.37 0.388125 0.0474929775280899 0.023742977528089848
13 0.80875 0.723125 0.08749509803921574 0.06624509803921574
01 0.130625 0.7906249999999999 0.04120689655172413 0.043706896551724106
05 0.6825 0.7475 0.022478448275862206 0.05747844827586224
08 0.5412215909090909 0.025 0.05244318181818175 0.039886363636363636
