03 0.496875 0.4225 0.03873355263157896 0.05498355263157889
08 0.41125 0.636875 0.01999161073825506 0.0537416107382549
13 0.310625 0.940625 0.03120689655172415 0.05120689655172417
18 0.7775000000000001 0.74125 0.019994444444444315 0.022494444444444373
02 0.130625 0.8912500000000001 0.031238095238095218 0.02248809523809514
12 0.506875 0.46562499999999996 0.028742977528089797 0.03624297752808986
01 0.259375 0.31437499999999996 0.0162450980392157 0.018745098039215702
03 0.12375 0.57 0.02995689655172412 0.04745689655172414
06 0.4175 0.9781249999999999 0.027478448275862044 0.028728448275862184
08 0.25625 0.8175 0.06738636363636369 0.04738636363636384
