06 0.268125 0.609375 0.03123355263157901 0.008733552631578823
14 0.458125 0.060625 0.02624161073825504 0.02374161073825503
03 0.5037499999999999 0.119375 0.012456896551724106 0.033706896551724125
05 0.09 0.395 0.037494444444444455 0.01999444444444448
08 0.9150029761904762 0.650625 0.024994047619047555 0.031238095238095176
08 0.810625 0.7862482443820225 0.04874297752808987 0.03249648876404487
18 0.7224999999999999 0.15 0.022495098039215677 0.02499509803921568
03 0.16 0.37375 0.022456896551724115 0.044956896551724135
02 0.144375 0.8831249999999999 0.031228448275862075 0.036228448275862246
03 0.47 0.071875 0.034886363636363604 0.036136363636363626
04 0.613125 0.756875 0.041235795454545476 0.03873579545454531
08 0.321875 0.8631249999999999 0.04621951219512194 0.03621951219512198
