04 0.243125 0.98375 0.028733552631579007 0.027483552631578867
03 0.14375 0.18625 0.022491610738255036 0.012491610738255055
01 0.1 0.39249999999999996 0.017456896551724124 0.019956896551724113
20 0.60625 0.28375 0.01749444444444448 0.012494444444444475
04 0.818125 0.544375 0.01873809523809511 0.01873809523809522
12 0.1875 0.663125 0.049992977528089844 0.043742977528089866
03 0.08812377450980392 0.7175 0.018747549019607845 0.014995098039215726
18 0.635 0.34750000000000003 0.014956896551724164 0.017456896551724166
03 0.250625 0.21625 0.02622844827586207 0.012478448275862086
06 0.31437499999999996 0.06 0.006136363636363662 0.07238636363636364
01 0.6837500000000001 0.5449999999999999 0.03248579545454533 0.02498579545454549
