03 0.151875 0.18625 0.013733552631578938 0.01748355263157897
14 0.875625 0.4875 0.013741610738254861 0.024991610738255066
14 0.398125 0.44 0.0387068965517241 0.02745689655172412
04 0.07875 0.9468749999999999 0.024994444444444458 0.01874444444444434
10 0.9225 0.666875 0.024988095238095198 0.028738095238095118
03 0.139375 0.089375 0.04624297752808988 0.033742977528089885
03 0.24875000000000003 0.156875 0.032495098039215714 0.021245098039215676
03 0.035625000000000004 0.27 0.02120689655172414 0.044956896551724135
06 0.650625 0.1575 0.09872844827586214 0.009978448275862084
08 0.73 0.916875 0.012386363636363695 0.05113636363636376
20 0.3325 0.661875 0.012485795454545479 0.013735795454545396
04 0.74875 0.3875 0.027469512195121948 0.027469512195121948
