03 0.685 0.203125 0.054983552631578836 0.07123355263157899
03 0.5662499999999999 0.390625 0.052491610738255035 0.031241610738255043
10 0.052500000000000005 0.66625 0.02995689655172415 0.024956896551724173
06 0.16749999999999998 0.26937500000000003 0.024994444444444458 0.09624444444444441
00 0.846875 0.800625 0.041238095238095185 0.028738095238095118
01 0.879375 0.0625 0.036242977528089915 0.024992977528089884
20 0.89375 0.933125 0.03749509803921569 0.03374509803921566
20 0.7475 0.510625 0.02495689655172406 0.016206896551724137
09 0.87 0.368125 0.04497844827586217 0.03372844827586208
09 0.629375 0.39937500000000004 0.03863636363636369 0.028636363636363626
03 0.8075 0.713125 0.04998579545454529 0.048735795454545316
