03 0.431875 0.45687500000000003 0.028733552631578896 0.02373355263157889
07 0.020627097315436244 0.129375 0.03374580536912752 0.04374161073825504
03 0.915625 0.346875 0.028706896551724093 0.036206896551724155
18 0.7262500000000001 0.80125 0.017494444444444368 0.019994444444444426
20 0.298125 0.5925 0.02373809523809528 0.017488095238095247
03 0.084375 0.666875 0.026242977528089892 0.016242977528089897
06 0.23625 0.08812500000000001 0.029995098039215684 0.026245098039215695
03 0.455 0.645625 0.03745689655172413 0.04870689655172411
03 0.48061961206896553 0.8625 0.026239224137931005 0.03747844827586222
08 0.193125 0.95625 0.041136363636363665 0.014886363636363753
20 0.056249999999999994 0.6375 0.01998579545454545 0.012485795454545423
13 0.86625 0.45687500000000003 0.09746951219512201 0.116219512195122
20 0.690625 0.316875 0.02123214285714281 0.01623214285714286
