03 0.263125 0.573125 0.036233552631578986 0.033733552631578956
06 0.815625 0.08625 0.10874161073825495 0.07999161073825503
19 0.47062499999999996 0.12937500000000002 0.0362068965517241 0.043706896551724134
14 0.635 0.20937499999999998 0.06499444444444447 0.02624444444444443
03 0.16375 0.43625 0.047488095238095274 0.01998809523809525
18 0.491875 0.504375 0.0212429775280899 0.023742977528089793
14 0.339375 0.87375 0.041245098039215666 0.03749509803921569
20 0.48062499999999997 0.01625 0.021206896551724086 0.022456896551724136
06 0.8525 0.965625 0.04497844827586217 0.01622844827586223
14 0.45125000000000004 0.4875 0.0298863636363636 0.06238636363636363
