13 0.705 0.653125 0.1399835526315789 0.061233552631578925
03 0.728125 0.939375 0.05124161073825495 0.0537416107382549
11 0.77125 0.771875 0.057456896551724146 0.046206896551724164
15 0.8674999999999999 0.429375 0.027494444444444377 0.05124444444444454
03 0.609375 0.1575 0.16623809523809518 0.07498809523809524
08 0.48687499999999995 0.163125 0.048742977528089815 0.06124297752808988
03 0.28500000000000003 0.209375 0.08999509803921571 0.06624509803921569
03 0.6174999999999999 0.719375 0.05495689655172409 0.028706896551724093
01 0.098125 0.6375000000000001 0.02372844827586207 0.024978448275862153
06 0.543125 0.11499999999999999 0.03863636363636358 0.019886363636363633
00 0.65875 0.9425 0.06248579545454547 0.037485795454545334
