06 0.438125 0.76625 0.038733552631578905 0.037483552631578876
10 0.153125 0.743125 0.02874161073825507 0.021241610738254924
19 0.5918749999999999 0.101875 0.04120689655172416 0.031206896551724136
18 0.525625 0.555625 0.016244444444444506 0.018744444444444563
19 0.036250000000000004 0.54 0.03748809523809524 0.027488095238095256
00 0.656875 0.065 0.02124297752808979 0.02249297752808988
11 0.416875 0.0625 0.031245098039215713 0.03499509803921569
14 0.915625 0.08562499999999999 0.016206896551724137 0.043706896551724134
07 0.505 0.6637500000000001 0.0274784482758621 0.0849784482758621
18 0.035625 0.963125 0.023636363636363632 0.026136363636363735
09 0.78375 0.20375 0.04748579545454523 0.05498579545454549
12 0.41875 0.051875000000000004 0.04246951219512196 0.05621951219512195
00 0.135 0.60875 0.02498214285714287 0.02498214285714284
