18 0.66 0.03375 0.017483552631578858 0.019983552631578954
13 0.54375 0.28500000000000003 0.11249161073825509 0.05499161073825504
14 0.54125 0.235625 0.024956896551724173 0.013706896551724135
20 0.7150000000000001 0.30625 0.019994444444444315 0.014994444444444421
06 0.648125 0.65625 0.10623809523809524 0.01248809523809502
14 0.941875 0.75125 0.0312429775280898 0.02499297752808982
03 0.6799999999999999 0.913125 0.02999509803921574 0.04124509803921572
00 0.859375 0.268125 0.0237068965517242 0.023706896551724088
13 0.5931249999999999 0.46562499999999996 0.043728448275862086 0.06872844827586205
04 0.88625 0.50375 0.024886363636363762 0.017386363636363644
20 0.62 0.9675 0.01748579545454554 0.017485795454545316
06 0.643125 0.708125 0.03871951219512193 0.008719512195122014
