10 0.803125 0.15000000000000002 0.02873355263157884 0.02748355263157895
20 0.45625000000000004 0.230625 0.022491610738255063 0.021241610738255035
03 0.089375 0.2925 0.011206896551724133 0.019956896551724113
03 0.03937499999999999 0.06812499999999999 0.016244444444444443 0.02124444444444444
18 0.81125 0.336875 0.019988095238095083 0.021238095238095278
14 0.09562499999999999 0.92 0.018742977528089885 0.049992977528089844
06 0.8162499999999999 0.24 0.052495098039215704 0.06749509803921569
03 0.125625 0.1475 0.016206896551724123 0.08995689655172412
04 0.369375 0.6637500000000001 0.03372844827586208 0.02747844827586221
20 0.598125 0.940625 0.02113636363636362 0.016136363636363726
08 0.5449999999999999 0.179375 0.05998579545454541 0.018735795454545456
09 0.600625 0.11 0.02121951219512197 0.02996951219512195
06 0.725625 0.70875 0.016232142857142806 0.08998214285714279
09 0.76875 0.315 0.0324875 0.027487499999999998
