14 0.931875 0.071875 0.026233552631578894 0.053733552631578946
13 0.860625 0.7675 0.05124161073825495 0.0949916107382549
06 0.89625 0.7275 0.10495689655172413 0.03745689655172413
18 0.469375 0.446875 0.023744444444444512 0.02624444444444446
11 0.509375 0.30562500000000004 0.03373809523809529 0.02373809523809528
02 0.07875 0.73 0.02999297752808988 0.0474929775280899
00 0.89125 0.516875 0.027495098039215682 0.02374509803921565
15 0.618125 0.41812499999999997 0.07370689655172413 0.02620689655172409
04 0.930625 0.17375000000000002 0.036228448275862246 0.02497844827586207
15 0.25875000000000004 0.56625 0.019886363636363702 0.01738636363636359
