06 0.213125 0.138125 0.09623355263157898 0.038733552631578946
08 0.08937500000000001 0.5831249999999999 0.013741610738255042 0.11874161073825495
03 0.499375 0.96625 0.06120689655172412 0.014956896551724053
03 0.826875 0.8656250000000001 0.023744444444444346 0.01874444444444434
02 0.3025 0.6287499999999999 0.0774880952380953 0.029988095238095203
19 0.161875 0.1275 0.028742977528089853 0.04249297752808989
18 0.1275 0.16375 0.02249509803921569 0.02499509803921568
09 0.29500000000000004 0.803125 0.02995689655172412 0.026206896551724146
06 0.746875 0.35250000000000004 0.10122844827586219 0.029978448275862102
03 0.29 0.135 0.03488636363636366 0.054886363636363664
