04 0.499375 0.55375 0.021233552631578834 0.02498355263157892
20 0.973125 0.275 0.028741610738254875 0.019991610738255006
12 0.26937500000000003 0.145 0.031206896551724095 0.034956896551724126
03 0.4575 0.35624999999999996 0.014994444444444477 0.05499444444444451
03 0.329375 0.401875 0.03123809523809523 0.03373809523809529
03 0.17562499999999998 0.77125 0.033742977528089885 0.03249297752808977
20 0.82375 0.2475 0.014995098039215726 0.014995098039215699
00 0.0425 0.32 0.02995689655172414 0.032456896551724124
04 0.311875 0.018125000000000002 0.028728448275862073 0.023728448275862072
08 0.3875 0.1275 0.027386363636363598 0.017386363636363644
18 0.80625 0.655 0.01498579545454537 0.017485795454545316
06 0.885 0.321875 0.01746951219512205 0.02121951219512197
06 0.08312946428571429 0.9199999999999999 0.06874107142857142 0.012482142857142775
03 0.7175 0.475 0.01748749999999999 0.047487500000000016
