14 0.65 0.09562499999999999 0.02498355263157892 0.03373355263157894
14 0.9181250000000001 0.365 0.018741610738254866 0.01749161073825506
09 0.09312500000000001 0.6699999999999999 0.021206896551724128 0.05495689655172409
03 0.24125 0.84875 0.014994444444444421 0.009994444444444417
06 0.08937500000000001 0.41874999999999996 0.04373809523809523 0.05498809523809528
19 0.930625 0.0575 0.026242977528089795 0.02499297752808989
04 0.7375 0.5975 0.024995098039215624 0.017495098039215673
14 0.5393749999999999 0.09375 0.026206896551724035 0.03245689655172414
03 0.28375 0.711875 0.01747844827586209 0.03872844827586219
01 0.729375 0.53375 0.04113636363636375 0.037386363636363495
13 0.12875 0.72875 0.06748579545454547 0.044985795454545396
10 0.36124999999999996 0.41312499999999996 0.02996951219512195 0.028719512195121977
