08 0.35562499999999997 0.445 0.021233552631578945 0.04998355263157894
03 0.6437499999999999 0.41000000000000003 0.027491610738255012 0.03749161073825508
03 0.839375 0.7362500000000001 0.053706896551724115 0.02495689655172406
03 0.160625 0.085 0.021244444444444455 0.04499444444444445
09 0.38375000000000004 0.53375 0.022488095238095307 0.03998809523809521
07 0.36312500000000003 0.55125 0.041242977528089864 0.0624929775280898
05 0.20624877450980392 0.30125 0.03249754901960783 0.0499950980392157
07 0.07 0.636875 0.03745689655172414 0.016206896551724137
15 0.7906249999999999 0.545625 0.05872844827586221 0.03372844827586208
03 0.915 0.39437500000000003 0.057386363636363735 0.01613636363636356
03 0.575625 0.8075000000000001 0.0187357954545454 0.03248579545454533
02 0.44625 0.35625 0.10996951219512197 0.029969512195122006
14 0.068125 0.605 0.041232142857142856 0.07498214285714289
