05 0.213125 0.781875 0.021233552631578972 0.04623355263157891
08 0.71 0.049375 0.029991610738254848 0.04374161073825503
10 0.43000000000000005 0.453125 0.03995689655172413 0.0387068965517241
04 0.475 0.08750000000000001 0.0399944444444445 0.024994444444444458
03 0.8943749999999999 0.663125 0.011238095238095158 0.048738095238095136
14 0.88375 0.07125000000000001 0.02499297752808982 0.07249297752808989
08 0.371875 0.486875 0.038745098039215664 0.04124509803921572
10 0.326875 0.47250000000000003 0.031206896551724095 0.027456896551724175
00 0.4975 0.4975 0.04247844827586211 0.032478448275862104
11 0.12875 0.05500000000000001 0.042386363636363625 0.029886363636363635
03 0.724375 0.26937500000000003 0.021235795454545237 0.07373579545454548
03 0.38749999999999996 0.72125 0.10246951219512196 0.08246951219512189
