09 0.08249999999999999 0.785625 0.06998355263157895 0.05623355263157892
08 0.13874999999999998 0.7168749999999999 0.012491610738255027 0.026241610738254928
09 0.846875 0.754375 0.053706896551724115 0.06620689655172418
03 0.3525 0.6649999999999999 0.03249444444444449 0.09249444444444443
03 0.445 0.864375 0.06748809523809529 0.031238095238095065
06 0.82875 0.034375 0.01749297752808987 0.06124297752808989
06 0.5675 0.75125 0.0474950980392157 0.03749509803921569
03 0.16625 0.805625 0.04245689655172413 0.05620689655172406
03 0.2125053879310345 0.526875 0.07498922413793102 0.02372844827586207
18 0.75 0.6837500000000001 0.03488636363636366 0.03738636363636372
