14 0.534375 0.859375 0.023733552631578836 0.033733552631578956
19 0.21437499999999998 0.250625 0.01874161073825506 0.03374161073825507
00 0.755 0.4075 0.02745689655172412 0.024956896551724117
04 0.210625 0.96875 0.031244444444444436 0.022494444444444373
01 0.5162500000000001 0.839375 0.027488095238095256 0.023738095238095114
02 0.05625 0.139375 0.05749297752808989 0.023742977528089904
12 0.635625 0.16 0.03374509803921577 0.054995098039215706
18 0.423125 0.08937500000000001 0.01620689655172408 0.018706896551724125
10 0.649375 0.6893750000000001 0.018728448275862175 0.013728448275862282
15 0.799375 0.15250000000000002 0.043636363636363806 0.03238636363636363
11 0.26625 0.671875 0.03248579545454544 0.026235795454545352
08 0.7731250000000001 0.469375 0.023719512195122028 0.023719512195121972
