03 0.9525 0.26625 0.03998355263157882 0.03248355263157898
12 0.4325 0.60375 0.03749161073825502 0.03999161073825497
03 0.8506357758620691 0.88625 0.01372844827586206 0.019956896551724057
13 0.538125 0.75375 0.0687444444444445 0.03249444444444438
03 0.24125000000000002 0.6475 0.02248809523809528 0.02248809523809525
03 0.41312499999999996 0.38875000000000004 0.02624297752808985 0.019992977528089872
12 0.035 0.906875 0.024995098039215683 0.04874509803921567
10 0.89125 0.70375 0.019956896551724057 0.014956896551724164
20 0.40875 0.7418750000000001 0.024978448275862042 0.028728448275862184
03 0.35562499999999997 0.8525 0.018636363636363618 0.029886363636363766
