03 0.060625 0.6437458881578948 0.06123355263157895 0.024991776315789527
03 0.9337500000000001 0.48874999999999996 0.014991610738254946 0.042491610738255026
14 0.608125 0.2175 0.028706896551724093 0.054956896551724144
11 0.083125 0.1225 0.041244444444444445 0.027494444444444474
03 0.169375 0.585 0.04873809523809525 0.03998809523809521
20 0.15125 0.256875 0.01749297752808987 0.01374297752808984
03 0.66625 0.515625 0.01999509803921562 0.031245098039215602
06 0.510635775862069 0.665 0.05122844827586209 0.08745689655172406
02 0.41875 0.88375 0.019978448275862037 0.049978448275862175
12 0.818125 0.375625 0.06863636363636383 0.0611363636363636
15 0.156875 0.774375 0.048735795454545455 0.048735795454545316
18 0.476875 0.34562499999999996 0.026219512195121975 0.028719512195121977
19 0.26125 0.27375 0.03998214285714283 0.019982142857142837
03 0.323125 0.490625 0.053737499999999994 0.058737500000000054
