00 0.25375 0.6950000000000001 0.03748355263157896 0.03248355263157887
11 0.733125 0.021249999999999998 0.028741610738254875 0.02999161073825503
19 0.036875000000000005 0.37312500000000004 0.03370689655172414 0.023706896551724144
13 0.7831250000000001 0.575625 0.041244444444444306 0.09624444444444447
08 0.10500000000000001 0.888125 0.014988095238095231 0.05623809523809509
03 0.586875 0.058125 0.0212429775280899 0.07374297752808989
20 0.881875 0.755625 0.013745098039215642 0.0162450980392157
03 0.964375 0.41625 0.018706896551724084 0.02995689655172412
20 0.95625 0.353125 0.0174784482758622 0.016228448275862062
14 0.496875 0.5525 0.03113636363636363 0.01738636363636359
13 0.439375 0.424375 0.026235795454545463 0.06873579545454545
03 0.811875 0.5193749999999999 0.043719512195121935 0.03871951219512193
07 0.10250000000000001 0.44937499999999997 0.012482142857142872 0.06873214285714285
