20 0.579375 0.948125 0.02873355263157895 0.023733552631578947
14 0.333125 0.808125 0.02624161073825504 0.03624161073825494
10 0.481875 0.4425 0.026206896551724146 0.01745689655172411
17 0.96375 0.6487499999999999 0.03249444444444438 0.03249444444444438
12 0.7525 0.759375 0.029988095238095203 0.05123809523809508
20 0.489375 0.331875 0.0337429775280898 0.023742977528089848
18 0.755 0.343125 0.017495098039215673 0.021245098039215704
13 0.7875 0.610625 0.05995689655172409 0.04870689655172411
11 0.3825 0.585 0.0274784482758621 0.032478448275862104
03 0.245 0.553125 0.11238636363636367 0.07863636363636362
10 0.976875 0.334375 0.02124999999999999 0.018735795454545456
11 0.79125 0.334375 0.03246951219512195 0.026219512195121975
19 0.8187500000000001 0.2525 0.029982142857142846 0.019982142857142837
05 0.890625 0.50625 0.028737500000000082 0.017487500000000045
