05 0.38625 0.5487500000000001 0.027483552631578922 0.029983552631578925
03 0.471875 0.445625 0.031241610738255043 0.02624161073825504
08 0.605 0.034375 0.019956896551724057 0.01870689655172414
18 0.75875 0.8356250000000001 0.017494444444444368 0.01874444444444434
09 0.424375 0.8981250000000001 0.033738095238095234 0.04623809523809508
01 0.935 0.314375 0.01749297752808976 0.018742977528089844
03 0.1375 0.545625 0.0174950980392157 0.02374509803921565
03 0.050625 0.545625 0.04870689655172414 0.028706896551724093
08 0.849375 0.358125 0.04122844827586225 0.016228448275862062
03 0.5231250000000001 0.055625 0.011136363636363611 0.021136363636363634
02 0.941875 0.744375 0.021235795454545348 0.03873579545454531
05 0.36875 0.20625 0.034969512195121955 0.02246951219512197
03 0.703125 0.2725 0.02873214285714276 0.029982142857142846
