18 0.56375 0.25125 0.017483552631578858 0.01998355263157897
13 0.19374999999999998 0.48562290268456376 0.044991610738255056 0.031245805369127577
18 0.7424999999999999 0.215 0.02495689655172406 0.02745689655172412
07 0.8206249999999999 0.7606250000000001 0.026244444444444404 0.02874444444444435
08 0.526875 0.46125000000000005 0.016238095238095274 0.029988095238095258
20 0.035625000000000004 0.333125 0.018742977528089892 0.018742977528089844
06 0.37375 0.11625 0.03749509803921569 0.06999509803921569
10 0.84625 0.299375 0.029956896551724177 0.026206896551724146
06 0.865625 0.19437500000000002 0.0437284482758622 0.041228448275862056
14 0.699375 0.90875 0.03113636363636374 0.029886363636363655
03 0.30062500000000003 0.33375 0.03373579545454547 0.019985795454545485
15 0.821875 0.8025 0.008719512195122014 0.029969512195122006
14 0.68625 0.5843750000000001 0.02498214285714284 0.03123214285714282
10 0.38 0.93375 0.02498750000000005 0.019987500000000047
