13 0.32875411184210523 0.090625 0.03249177631578948 0.021233552631578945
00 0.265 0.745 0.014991610738255057 0.009991610738254941
03 0.684989224137931 0.955625 0.022478448275862095 0.01370689655172408
07 0.5918749999999999 0.455 0.023744444444444457 0.03249444444444449
05 0.6112500000000001 0.893125 0.02498809523809531 0.01623809523809505
00 0.846875 0.0675 0.01374297752808984 0.009992977528089891
03 0.075625 0.22062500000000002 0.011245098039215695 0.011245098039215667
00 0.61375 0.865625 0.01745689655172411 0.01370689655172419
02 0.110625 0.495625 0.03372844827586208 0.03872844827586208
03 0.6775 0.5425 0.029886363636363766 0.029886363636363544
06 0.036875 0.34375 0.048735795454545455 0.017485795454545427
14 0.24937499999999999 0.905625 0.023719512195121972 0.018719512195122023
09 0.584375 0.5237499999999999 0.026232142857142815 0.03498214285714274
