06 0.494375 0.76375 0.043733552631578965 0.0674835526315789
04 0.9475 0.14250000000000002 0.02999161073825496 0.024991610738255038
04 0.229375 0.10875 0.031206896551724123 0.02995689655172412
03 0.87 0.49124999999999996 0.022494444444444373 0.03749444444444444
18 0.816875 0.536875 0.021238095238095056 0.023738095238095225
11 0.909375 0.046875 0.028742977528089853 0.031242977528089882
03 0.71625 0.35750000000000004 0.014995098039215615 0.02499509803921568
00 0.731875 0.6737500000000001 0.03120689655172415 0.029956896551724177
02 0.88625 0.5643750000000001 0.03747844827586222 0.036228448275862024
05 0.233125 0.445625 0.028636363636363682 0.018636363636363562
13 0.816875 0.871875 0.0862357954545453 0.07873579545454534
00 0.424375 0.811875 0.026219512195121975 0.028719512195122032
