14 0.69875 0.889375 0.06998355263157885 0.07373355263157888
07 0.45687500000000003 0.200625 0.051241610738255006 0.013741610738255028
05 0.8443750000000001 0.815 0.053706896551724115 0.029956896551724177
20 0.8131250000000001 0.29625 0.02874444444444435 0.022494444444444428
10 0.7262500000000001 0.01625 0.03748809523809504 0.02748809523809524
14 0.7725 0.315 0.049992977528089844 0.04499297752808984
04 0.49875 0.043125000000000004 0.03999509803921569 0.03624509803921569
08 0.650625 0.428125 0.02120689655172414 0.08120689655172414
07 0.51125 0.95375 0.07247844827586203 0.03997844827586228
03 0.343125 0.468125 0.048636363636363644 0.031136363636363573
00 0.551875 0.058124999999999996 0.03873579545454553 0.036235795454545444
20 0.14125000000000001 0.230625 0.04496951219512196 0.03121951219512198
11 0.28500000000000003 0.665 0.044982142857142804 0.03248214285714279
