08 0.19937088815789472 0.643125 0.04624177631578949 0.031233552631578898
00 0.39375000000000004 0.065 0.04499161073825503 0.027491610738255026
11 0.11374999999999999 0.621875 0.037456896551724114 0.03120689655172415
09 0.26375000000000004 0.630625 0.027494444444444432 0.043744444444444475
15 0.44 0.669375 0.06748809523809529 0.041238095238095185
14 0.22000175561797752 0.598125 0.05499648876404492 0.028742977528089853
09 0.57375 0.909375 0.042495098039215695 0.02624509803921571
03 0.68 0.65 0.02745689655172412 0.02745689655172412
10 0.931875 0.69375 0.021228448275862233 0.022478448275862206
03 0.8744034090909091 0.55625 0.04869318181818194 0.09738636363636366
