06 0.9412499999999999 0.1775 0.11498355263157889 0.09248355263157895
06 0.18375 0.063125 0.01999161073825506 0.053741610738255036
03 0.07874999999999999 0.745625 0.02245689655172413 0.046206896551724164
03 0.6725000000000001 0.933125 0.03999444444444433 0.04624444444444431
20 0.43937499999999996 0.73375 0.038738095238095294 0.037488095238095154
08 0.033125 0.749375 0.028742977528089887 0.05874297752808988
08 0.45499999999999996 0.248125 0.0449950980392157 0.06624509803921569
20 0.925 0.286875 0.01745689655172411 0.013706896551724135
03 0.0625 0.696875 0.05497844827586207 0.0437284482758622
05 0.964375 0.9762500000000001 0.028636363636363793 0.039886363636363664
03 0.82125 0.09 0.034985795454545277 0.03748579545454546
