14 0.50125 0.953125 0.034983552631578874 0.026233552631578894
20 0.375 0.49 0.017491610738255003 0.01749161073825506
12 0.39749999999999996 0.236875 0.03995689655172413 0.043706896551724106
03 0.78125 0.595625 0.037494444444444275 0.016244444444444506
03 0.870625 0.21437499999999998 0.016238095238095163 0.02123809523809525
10 0.415625 0.175 0.023742977528089848 0.019992977528089845
03 0.49125 0.65625 0.03999509803921575 0.042495098039215584
08 0.435 0.32062500000000005 0.024956896551724173 0.01870689655172414
04 0.794375 0.808125 0.028728448275862184 0.02372844827586218
08 0.400625 0.32999999999999996 0.016136363636363615 0.03738636363636366
03 0.669375 0.905 0.03873579545454542 0.027485795454545325
08 0.743125 0.8275 0.02871951219512192 0.039969512195122014
05 0.15812500000000002 0.8375 0.028732142857142845 0.01748214285714278
