05 0.345625 0.749375 0.0362335526315789 0.026233552631578894
07 0.7024979026845637 0.85375 0.044995805369127395 0.042491610738254915
06 0.668125 0.6012500000000001 0.0387068965517241 0.08745689655172406
03 0.58125 0.8356250000000001 0.03249444444444449 0.04624444444444442
00 0.745 0.7075 0.04248809523809505 0.034988095238095096
14 0.4175 0.7925 0.02999297752808988 0.019992977528089817
03 0.8787499999999999 0.80375 0.02999509803921574 0.02999509803921574
03 0.09125 0.133125 0.06245689655172413 0.03370689655172414
05 0.583125 0.413125 0.036228448275862135 0.028728448275862073
06 0.63625 0.12 0.022386363636363593 0.02738636363636364
00 0.2425 0.410625 0.037485795454545445 0.031235795454545467
03 0.405625 0.915 0.111219512195122 0.06246951219512198
04 0.22062500000000002 0.039999999999999994 0.03373214285714285 0.032482142857142855
01 0.710625 0.375 0.02123750000000002 0.022487499999999994
