00 0.8975 0.8062499999999999 0.08248355263157892 0.0724835526315789
03 0.611875 0.648125 0.043741610738255 0.08124161073825498
03 0.57375 0.037500000000000006 0.10495689655172413 0.032456896551724145
03 0.235 0.10062499999999999 0.06499444444444444 0.09124444444444445
02 0.27 0.40937500000000004 0.05748809523809528 0.06123809523809526
15 0.73 0.21750000000000003 0.0474929775280899 0.029992977528089854
03 0.110625 0.515625 0.04374509803921568 0.08374509803921565
03 0.548125 0.70875 0.046206896551724164 0.08245689655172406
08 0.5725 0.056874999999999995 0.022478448275861984 0.08122844827586206
06 0.5875 0.7737499999999999 0.14988636363636365 0.08238636363636365
18 0.6231249999999999 0.6456249999999999 0.03873579545454542 0.041235795454545365
