19 0.149375 0.414375 0.018733552631578942 0.051233552631578916
10 0.77875 0.73875 0.024991610738254955 0.01999161073825495
04 0.09062499999999998 0.36875 0.031206896551724136 0.017456896551724166
03 0.018125000000000002 0.028124999999999997 0.016244444444444443 0.026244444444444442
20 0.15000000000000002 0.596875 0.02248809523809525 0.01873809523809522
09 0.1825 0.23875 0.06999297752808986 0.03749297752808983
20 0.02375 0.140625 0.02749509803921569 0.023745098039215706
14 0.21123922413793103 0.8518749999999999 0.049978448275862064 0.05620689655172406
18 0.475 0.78625 0.02247844827586204 0.024978448275862153
03 0.390625 0.414375 0.07863636363636362 0.03113636363636363
02 0.7993714488636363 0.948125 0.031242897727272734 0.041235795454545254
04 0.86 0.313125 0.03246951219512195 0.023719512195121972
14 0.806875 0.809375 0.03123214285714282 0.04873214285714289
