04 0.6912499999999999 0.048125 0.029983552631578925 0.02623355263157895
14 0.32875 0.78625 0.034991610738255075 0.03999161073825497
03 0.7050000000000001 0.5825 0.012456896551724106 0.04245689655172413
15 0.22062500000000002 0.39249999999999996 0.028744444444444434 0.05999444444444452
01 0.31375 0.836875 0.017488095238095303 0.016238095238095163
15 0.15999999999999998 0.144375 0.009992977528089891 0.0187429775280899
18 0.650625 0.534375 0.021245098039215704 0.02374509803921565
09 0.301875 0.609375 0.028706896551724093 0.028706896551724093
14 0.864375 0.72375 0.03372844827586219 0.04747844827586212
07 0.8031250000000001 0.219375 0.036136363636363744 0.05863636363636368
03 0.27 0.44375 0.03998579545454545 0.02998579545454544
