03 0.39937500000000004 0.586875 0.018733552631578887 0.033733552631578845
14 0.281875 0.069375 0.03874161073825505 0.023741610738255037
03 0.255635775862069 0.8068642241379311 0.03622844827586205 0.02372844827586207
11 0.913125 0.696875 0.026244444444444404 0.026244444444444293
01 0.343125 0.5 0.01123809523809527 0.012488095238095243
04 0.21625 0.6399999999999999 0.019992977528089872 0.022492977528089875
03 0.520625 0.365625 0.018745098039215646 0.05624509803921568
08 0.63 0.921875 0.01745689655172411 0.02120689655172403
06 0.97125 0.395 0.0174784482758622 0.019978448275862093
08 0.23249999999999998 0.205625 0.02738636363636368 0.031136363636363684
03 0.054375 0.649375 0.021235795454545445 0.06123579545454538
04 0.37124999999999997 0.551875 0.024969512195121946 0.013719512195121908
08 0.261875 0.435 0.03623214285714285 0.022482142857142784
