08 0.74125 0.676875 0.01748355263157897 0.04873355263157886
08 0.036875000000000005 0.973125 0.04124161073825504 0.018741610738254977
04 0.98 0.240625 0.024956896551724173 0.023706896551724144
20 0.42625 0.8262499999999999 0.009994444444444472 0.007494444444444359
11 0.98375 0.0875 0.02998809523809509 0.02498809523809524
15 0.10750000000000001 0.74125 0.02499297752808989 0.022492977528089875
18 0.5675 0.073125 0.014995098039215726 0.018745098039215688
06 0.916875 0.688125 0.01370689655172419 0.07870689655172414
03 0.28375 0.55125 0.014978448275862033 0.029978448275862046
10 0.233125 0.776875 0.01613636363636367 0.013636363636363669
07 0.5543750000000001 0.49375 0.023735795454545516 0.03498579545454544
17 0.768125 0.221875 0.02871951219512192 0.03121951219512198
