06 0.27312499999999995 0.756875 0.10623355263157891 0.018733552631578942
05 0.25124790268456376 0.07625 0.0399958053691275 0.03249161073825504
04 0.39749999999999996 0.906875 0.03995689655172413 0.03370689655172421
03 0.301875 0.76 0.0212444444444444 0.03249444444444438
06 0.08625 0.11624999999999999 0.09498809523809523 0.09248809523809524
03 0.18125 0.97875 0.012492977528089866 0.03749297752808989
05 0.609375 0.245 0.03374509803921577 0.042495098039215695
00 0.888125 0.44 0.043706896551724106 0.04245689655172413
15 0.635 0.97375 0.057478448275862126 0.024978448275862153
18 0.384375 0.519375 0.038636363636363635 0.04113636363636358
