10 0.48062499999999997 0.06749999999999999 0.0337335526315789 0.03248355263157895
03 0.333125 0.48062499999999997 0.02874161073825504 0.09874161073825499
15 0.9181250000000001 0.793125 0.0337068965517241 0.046206896551724164
08 0.4 0.683125 0.05499444444444451 0.01874444444444434
14 0.881875 0.739375 0.03873809523809513 0.03873809523809513
20 0.8831249999999999 0.495 0.03124297752808991 0.02749297752808988
04 0.2025 0.786875 0.039995098039215665 0.03374509803921577
11 0.088125 0.95875 0.043706896551724134 0.024956896551724173
07 0.43437499999999996 0.55375 0.06372844827586205 0.032478448275862104
20 0.020624999999999998 0.688125 0.023636363636363632 0.02113636363636373
11 0.21375 0.978125 0.039985795454545475 0.0287357954545453
