00 0.181875 0.593125 0.023733552631578975 0.023733552631578947
18 0.11624999999999999 0.51875 0.017491610738255045 0.01999161073825506
01 0.395625 0.871875 0.013706896551724135 0.01370689655172408
03 0.8400000000000001 0.519375 0.017494444444444368 0.06874444444444455
10 0.22062500000000002 0.26937500000000003 0.016238095238095246 0.018738095238095276
20 0.9725 0.465625 0.01749297752808987 0.01374297752808984
04 0.240625 0.10500000000000001 0.023745098039215706 0.02249509803921569
14 0.5275 0.395 0.03745689655172413 0.02745689655172412
20 0.49875 0.93125 0.007478448275862082 0.00997844827586225
18 0.895 0.19124999999999998 0.014886363636363753 0.017386363636363672
10 0.12937500000000002 0.14250000000000002 0.011235795454545477 0.01248579545454545
19 0.84375 0.815 0.022469512195121943 0.022469512195122054
02 0.065 0.515 0.019982142857142844 0.022482142857142895
06 0.9231281250000001 0.300621875 0.04624375000000003 0.006243749999999992
