12 0.82375 0.33562499999999995 0.04498355263157894 0.056233552631578976
03 0.544375 0.63125 0.013741610738254972 0.059991610738254986
20 0.808125 0.37875000000000003 0.0237068965517242 0.019956896551724113
04 0.09062500000000001 0.341875 0.026244444444444445 0.026244444444444515
18 0.8200000000000001 0.935 0.02248809523809514 0.024988095238095087
15 0.3925 0.835 0.012492977528089866 0.029992977528089826
00 0.07125000000000001 0.65 0.034995098039215695 0.024995098039215735
06 0.685625 0.63375 0.04870689655172411 0.10245689655172419
19 0.874375 0.748125 0.02372844827586218 0.03372844827586219
02 0.215625 0.34375 0.026136363636363652 0.08488636363636365
01 0.5025 0.29000000000000004 0.03998579545454545 0.03998579545454545
06 0.15000000000000002 0.8425 0.09246951219512196 0.05496951219512203
17 0.9425 0.33625 0.04248214285714291 0.029982142857142846
