06 0.076875 0.576875 0.04873355263157895 0.04623355263157891
01 0.43875 0.49624999999999997 0.022491610738255063 0.017491610738255003
03 0.835 0.24625 0.022456896551724115 0.034956896551724126
06 0.784375 0.37124999999999997 0.06874444444444439 0.052494444444444455
10 0.5706249999999999 0.671875 0.01873809523809522 0.01873809523809511
14 0.611875 0.80625 0.016242977528089786 0.039992977528089835
04 0.936875 0.391875 0.02624509803921571 0.026245098039215653
14 0.768125 0.101875 0.023706896551724088 0.04120689655172412
05 0.8043750000000001 0.459375 0.01622844827586223 0.021228448275862066
01 0.8625 0.10062499999999999 0.0173863636363637 0.011136363636363625
08 0.18875 0.171875 0.022485795454545487 0.03373579545454547
10 0.09125 0.5193749999999999 0.022469512195121943 0.016219512195121966
13 0.38125 0.10750000000000001 0.019982142857142837 0.05248214285714288
