14 0.3125 0.74125 0.042483552631578936 0.06498355263157884
11 0.9137500000000001 0.39749999999999996 0.059991610738254875 0.04499161073825503
03 0.73375 0.65875 0.07245689655172405 0.057456896551724035
08 0.48625 0.5075000000000001 0.039994444444444555 0.06249444444444452
00 0.315 0.6 0.047488095238095274 0.03248809523809526
00 0.21375 0.029375 0.02749297752808985 0.028742977528089887
05 0.4475 0.665625 0.06749509803921572 0.03624509803921572
14 0.225 0.743125 0.09245689655172412 0.0337068965517241
03 0.259375 0.65 0.023728448275862096 0.039978448275862055
03 0.7224999999999999 0.074375 0.024886363636363762 0.10613636363636364
03 0.645 0.92875 0.037485795454545445 0.03998579545454539
08 0.21187499999999998 0.14375000000000002 0.09871951219512196 0.042469512195121975
