13 0.798125 0.879375 0.04123355263157891 0.013733552631578938
04 0.35125 0.7806249999999999 0.01999161073825506 0.01624161073825492
06 0.636875 0.21687499999999998 0.018706896551724084 0.013706896551724107
05 0.51125 0.3375 0.022494444444444484 0.02249444444444454
11 0.923125 0.87125 0.01873809523809511 0.019988095238095083
07 0.8025 0.6187499999999999 0.009992977528089808 0.022492977528089875
20 0.42625 0.5687500000000001 0.017495098039215673 0.012495098039215669
03 0.24 0.58875 0.017456896551724138 0.02745689655172412
12 0.8775 0.71875 0.04497844827586228 0.03497844827586216
11 0.526875 0.22375 0.02113636363636362 0.022386363636363676
15 0.5631250000000001 0.815 0.03623579545454547 0.014985795454545259
03 0.40375 0.20500000000000002 0.029969512195122006 0.012469512195121962
03 0.915625 0.26249999999999996 0.01373214285714286 0.01248214285714283
05 0.316875 0.8500000000000001 0.02123750000000002 0.014987500000000042
