18 0.9525 0.879375 0.017483552631578858 0.02123355263157889
15 0.739375 0.855625 0.026241610738254817 0.013741610738254861
09 0.87125 0.20625 0.02745689655172412 0.024956896551724145
11 0.5856250000000001 0.19375 0.028744444444444572 0.019994444444444426
18 0.5725 0.933125 0.019988095238095305 0.023738095238095114
18 0.240625 0.9793750000000001 0.021242977528089846 0.023742977528089848
12 0.5293749999999999 0.61375 0.04124509803921572 0.034995098039215744
02 0.22375 0.818125 0.06495689655172412 0.04120689655172405
19 0.7268749999999999 0.755 0.02372844827586229 0.042478448275862224
00 0.669375 0.019374999999999996 0.026136363636363735 0.02613636363636363
20 0.22375 0.75 0.019985795454545485 0.019985795454545263
