13 0.195 0.621875 0.08248355263157897 0.06623355263157882
01 0.150625 0.08374999999999999 0.043741610738255055 0.04249161073825504
03 0.45625 0.8043750000000001 0.022456896551724115 0.06370689655172412
03 0.78375 0.943125 0.04999444444444434 0.0837444444444444
03 0.73875 0.110625 0.04248809523809516 0.03123809523809523
06 0.7906249999999999 0.31375 0.01374297752808984 0.0699929775280898
19 0.24812499999999998 0.949375 0.041245098039215694 0.028745098039215655
08 0.325625 0.5131249999999999 0.07870689655172414 0.0362068965517241
11 0.51125 0.840625 0.03747844827586205 0.03122844827586213
06 0.8056534090909091 0.343125 0.08619318181818192 0.06363636363636366
03 0.7375 0.5431250000000001 0.029985795454545383 0.02873579545454541
14 0.68125 0.32437499999999997 0.022469512195121943 0.023719512195121972
01 0.85625 0.6975 0.02498214285714284 0.014982142857142833
03 0.495625 0.31125 0.02123750000000002 0.03998750000000001
