06 0.021249999999999998 0.479375 0.017483552631578945 0.023733552631578947
14 0.35 0.94 0.012491610738255055 0.022491610738255008
01 0.931875 0.15000000000000002 0.0237068965517242 0.017456896551724138
05 0.495 0.053125 0.027494444444444488 0.02124444444444444
03 0.47187500000000004 0.81125 0.02373809523809528 0.019988095238095083
20 0.360625 0.3875 0.023742977528089904 0.02499297752808982
20 0.30000000000000004 0.47375 0.019995098039215675 0.022495098039215677
06 0.86375 0.9593750000000001 0.02745689655172412 0.07370689655172413
19 0.65625 0.6912499999999999 0.039978448275862166 0.01997844827586215
08 0.34062499999999996 0.43125 0.05863636363636365 0.022386363636363593
