00 0.5843750000000001 0.07 0.031233552631578898 0.019983552631578957
16 0.334375 0.61625 0.02874161073825504 0.042491610738255026
07 0.06125 0.254375 0.024956896551724145 0.07620689655172413
03 0.11374999999999999 0.3125 0.06249444444444445 0.03249444444444444
03 0.905625 0.930625 0.021238095238095056 0.023738095238095114
20 0.070625 0.8400000000000001 0.021242977528089887 0.022492977528089875
05 0.8043750000000001 0.52875 0.03374509803921566 0.027495098039215793
14 0.943125 0.385 0.03120689655172404 0.03745689655172413
09 0.858125 0.185 0.0437284482758622 0.019978448275862065
10 0.5674999999999999 0.4825 0.022386363636363593 0.022386363636363593
04 0.8525 0.9524999999999999 0.027485795454545325 0.02248579545454532
