03 0.805625 0.433125 0.02123355263157889 0.011233552631578936
18 0.233125 0.8031250000000001 0.01624161073825503 0.018741610738254866
20 0.39812499999999995 0.669375 0.01870689655172414 0.01370689655172408
20 0.94875 0.18125 0.029994444444444324 0.029994444444444435
04 0.039375 0.110625 0.02623809523809523 0.023738095238095225
04 0.686875 0.28375 0.026242977528089906 0.014992977528089813
03 0.621875 0.316875 0.021245098039215704 0.023745098039215706
08 0.59625 0.796875 0.019956896551724168 0.05870689655172412
03 0.348125 0.526875 0.028728448275862073 0.026228448275862126
14 0.8075 0.06872159090909091 0.05238636363636373 0.027443181818181818
00 0.43125 0.859375 0.014985795454545425 0.013735795454545396
08 0.42625 0.74125 0.019969512195121997 0.027469512195121948
11 0.25625 0.041249999999999995 0.024982142857142814 0.024982142857142852
