12 0.12375 0.3925 0.052483552631578945 0.057483552631578894
03 0.16499999999999998 0.034999999999999996 0.05249161073825506 0.03999161073825503
02 0.98125 0.088125 0.019956896551724168 0.043706896551724134
02 0.465625 0.46499999999999997 0.03874444444444447 0.02249444444444454
18 0.35375 0.06125 0.02248809523809525 0.024988095238095226
16 0.944375 0.730625 0.053742977528089875 0.03874297752808986
14 0.428125 0.07375000000000001 0.026245098039215653 0.024995098039215694
14 0.5762499999999999 0.819375 0.04245689655172413 0.06120689655172418
17 0.39749999999999996 0.101875 0.04247844827586206 0.04372844827586207
20 0.41874999999999996 0.9750000000000001 0.024886363636363595 0.0173863636363637
