20 0.7537499999999999 0.41000000000000003 0.03248355263157887 0.03248355263157893
10 0.880625 0.23249999999999998 0.03374161073825488 0.032491610738255045
08 0.34562499999999996 0.06249999999999999 0.03870689655172416 0.06495689655172412
15 0.6131249999999999 0.9475 0.04124444444444453 0.02499444444444432
12 0.265 0.63125 0.04248809523809527 0.054988095238095225
15 0.23375 0.23125 0.04999297752808987 0.022492977528089847
07 0.6812512254901961 0.71625 0.06249754901960791 0.042495098039215695
08 0.114375 0.93125 0.021206896551724128 0.06745689655172415
03 0.03874999999999999 0.44625000000000004 0.014978448275862068 0.052478448275862066
09 0.683125 0.20500000000000002 0.06863636363636372 0.059886363636363654
08 0.6224999999999999 0.19374999999999998 0.04748579545454534 0.03748579545454547
14 0.836875 0.54 0.11121951219512194 0.027469512195121948
20 0.5018750000000001 0.754375 0.03873214285714288 0.02873214285714276
