03 0.965 0.675625 0.03498355263157893 0.026233552631578894
03 0.5925 0.60375 0.04749161073825503 0.04249161073825514
15 0.3175 0.12687500000000002 0.022456896551724115 0.056206896551724145
01 0.459375 0.414375 0.031244444444444464 0.02124444444444451
03 0.20875 0.721875 0.037488095238095265 0.01623809523809505
03 0.446875 0.24687499999999998 0.041242977528089864 0.01624297752808984
12 0.6681250000000001 0.595 0.03374509803921566 0.03749509803921569
09 0.10875 0.670625 0.02745689655172412 0.028706896551724093
03 0.27375 0.6031249999999999 0.039978448275862055 0.04622844827586203
18 0.8325 0.485 0.024886363636363762 0.027386363636363598
03 0.5718749999999999 0.068125 0.026235795454545463 0.05373579545454546
20 0.419375 0.973125 0.03871951219512193 0.03121951219512198
