03 0.83875 0.9668749999999999 0.017483552631578858 0.031233552631578898
03 0.176875 0.6025 0.013741610738255056 0.014991610738255057
20 0.893125 0.9675 0.026206896551724035 0.02745689655172412
13 0.21625 0.41000000000000003 0.08499444444444446 0.08499444444444454
01 0.34375 0.47750000000000004 0.02248809523809525 0.022488095238095307
05 0.125625 0.031875 0.018742977528089885 0.021242977528089887
03 0.43 0.40125 0.022495098039215677 0.03749509803921569
09 0.6012500000000001 0.299375 0.019956896551724168 0.028706896551724093
20 0.6975 0.6781250000000001 0.022478448275862206 0.018728448275862175
11 0.20875 0.195625 0.022386363636363676 0.023636363636363678
