06 0.82125 0.80875 0.027483552631578867 0.11748355263157895
13 0.22625 0.118125 0.09499161073825504 0.05624161073825504
19 0.721875 0.93625 0.03120689655172415 0.014956896551724164
11 0.21 0.11937500000000001 0.027494444444444432 0.033744444444444466
06 0.40125 0.901875 0.004988095238095291 0.07373809523809516
12 0.395 0.453125 0.039992977528089835 0.03874297752808986
18 0.70875 0.06 0.01999509803921562 0.022495098039215698
03 0.84125 0.3375 0.03495689655172407 0.03745689655172413
14 0.54625 0.56 0.0274784482758621 0.024978448275862042
14 0.16 0.740625 0.03488636363636366 0.04113636363636375
13 0.870625 0.3999964488636364 0.06623579545454539 0.03249289772727276
14 0.48 0.08687500000000001 0.024969512195121946 0.04621951219512195
09 0.749375 0.94625 0.02373214285714287 0.022482142857142784
01 0.7175 0.26125 0.01748749999999999 0.017487500000000045
