13 0.498125 0.9 0.051233552631578916 0.06498355263157896
20 0.6256250000000001 0.6225 0.021241610738255035 0.017491610738255114
03 0.660625 0.445625 0.02120689655172414 0.028706896551724093
12 0.22125 0.40625 0.03499444444444444 0.0374944444444445
13 0.8787499999999999 0.6 0.054988095238095114 0.029988095238095314
06 0.47375175561797755 0.396875 0.02249648876404492 0.05624297752808988
07 0.200625 0.95875 0.031245098039215713 0.014995098039215726
12 0.5575 0.063125 0.029956896551724066 0.05120689655172414
04 0.15437499999999998 0.205625 0.026228448275862043 0.02622844827586207
18 0.9075 0.72875 0.014886363636363753 0.01738636363636381
20 0.07375000000000001 0.13124999999999998 0.019985795454545457 0.019985795454545457
19 0.076875 0.224375 0.016219512195121938 0.023719512195121972
