10 0.36687499999999995 0.8674999999999999 0.02373355263157889 0.027483552631578978
03 0.819375 0.0675 0.03374161073825488 0.024991610738255024
20 0.535 0.474375 0.01745689655172411 0.016206896551724137
06 0.649375 0.9337500000000001 0.023744444444444457 0.06999444444444436
08 0.23625000000000002 0.264375 0.0424880952380953 0.018738095238095276
03 0.79375 0.611875 0.022492977528089875 0.043742977528089866
03 0.6237487745098039 0.8975 0.01999754901960782 0.024995098039215624
04 0.6312500000000001 0.639375 0.022456896551724115 0.023706896551724088
03 0.6912499999999999 0.338125 0.01997844827586215 0.021228448275862066
06 0.18 0.156875 0.08238636363636367 0.013636363636363641
20 0.985 0.194375 0.027485795454545325 0.02123579545454546
06 0.86625 0.14375000000000002 0.014969512195121992 0.09746951219512197
08 0.8731249999999999 0.426875 0.03123214285714282 0.02123214285714281
