12 0.56 0.18375000000000002 0.06498355263157884 0.09748355263157896
11 0.49875 0.46875 0.047491610738255086 0.03749161073825502
20 0.79125 0.17875000000000002 0.01745689655172411 0.01995689655172414
03 0.500625 0.83125 0.036244444444444524 0.037494444444444386
03 0.16875 0.9175 0.04248809523809527 0.06498809523809512
20 0.33 0.614375 0.039992977528089835 0.0312429775280898
12 0.305 0.609375 0.05749509803921571 0.0787450980392157
12 0.166875 0.379375 0.05870689655172412 0.08370689655172414
04 0.23 0.295 0.052478448275862066 0.04497844827586206
20 0.02375 0.460625 0.037386363636363634 0.03113636363636363
18 0.4275 0.816875 0.03248579545454544 0.0337357954545453
10 0.805625 0.38875000000000004 0.03371951219512204 0.027469512195122003
03 0.170625 0.29625 0.07873214285714286 0.039982142857142855
03 0.050625 0.2975 0.0662375 0.03998750000000001
