05 0.77125 0.821875 0.07498355263157896 0.04623355263157891
18 0.031875 0.109375 0.04124161073825503 0.043741610738255055
08 0.3075 0.28 0.03995689655172413 0.04995689655172414
08 0.859375 0.0325 0.033744444444444355 0.04999444444444444
05 0.36624999999999996 0.8712500000000001 0.03998809523809527 0.05248809523809517
14 0.779375 0.40437500000000004 0.12374297752808983 0.041242977528089864
18 0.84 0.03125 0.0474950980392157 0.04999509803921569
09 0.545 0.056874999999999995 0.10995689655172419 0.05870689655172413
20 0.950625 0.10125 0.06122844827586216 0.052478448275862066
03 0.91625 0.71625 0.08988636363636382 0.029886363636363655
04 0.065 0.124375 0.07498579545454545 0.04623579545454545
03 0.56125 0.22875 0.06996951219512193 0.13996951219512196
