13 0.80375 0.175 0.10498355263157888 0.07998355263157894
03 0.8175 0.9425 0.052491610738254924 0.01999161073825495
00 0.825625 0.199375 0.0337068965517241 0.02120689655172414
15 0.21375 0.20500000000000002 0.0049944444444444125 0.03499444444444441
03 0.47062499999999996 0.2249970238095238 0.02373809523809528 0.012494047619047627
14 0.029375 0.23249999999999998 0.02624297752808989 0.039992977528089835
03 0.8925000000000001 0.48875 0.01999509803921573 0.029995098039215684
03 0.236875 0.77 0.03120689655172415 0.0749568965517241
07 0.52125 0.27437500000000004 0.022478448275861984 0.041228448275862084
14 0.19624999999999998 0.6174999999999999 0.029886363636363683 0.022386363636363593
07 0.625 0.5356214488636364 0.03998579545454539 0.02374289772727267
