19 0.485 0.19375 0.019983552631578916 0.024983552631578976
10 0.7281249999999999 0.39625 0.01624161073825492 0.014991610738255057
11 0.325625 0.7262500000000001 0.023706896551724088 0.019956896551724168
15 0.88 0.97375 0.019994444444444426 0.017494444444444257
03 0.27375 0.294375 0.02248809523809525 0.0462380952380953
12 0.34750000000000003 0.8143750000000001 0.03249297752808983 0.03374297752808986
14 0.693125 0.525 0.021245098039215704 0.027495098039215682
12 0.33999999999999997 0.3425 0.05745689655172409 0.03745689655172413
00 0.389375 0.568125 0.023728448275862013 0.02122844827586201
03 0.690625 0.829375 0.02363636363636379 0.02363636363636379
12 0.178125 0.555625 0.04373579545454548 0.04623579545454548
13 0.265625 0.33499999999999996 0.061219512195122006 0.034969512195121955
