05 0.575625 0.701875 0.031233552631578898 0.0362335526315789
08 0.83125 0.07875 0.07499161073825489 0.024991610738255038
03 0.926875 0.389375 0.036206896551724155 0.011206896551724077
10 0.45687500000000003 0.8125 0.031244444444444464 0.02499444444444432
03 0.5356279761904762 0.65125 0.04124404761904765 0.024988095238095198
08 0.5662517556179776 0.229375 0.03749648876404488 0.04874297752808987
18 0.483125 0.608125 0.026245098039215653 0.028745098039215655
03 0.241875 0.586875 0.06870689655172413 0.036206896551724155
08 0.1743803879310345 0.59625 0.03373922413793104 0.04247844827586211
03 0.61 0.255625 0.047386363636363615 0.05863636363636368
15 0.060625 0.829375 0.023735795454545454 0.0287357954545453
18 0.6443749999999999 0.7606250000000001 0.023719512195122028 0.026219512195121975
08 0.8087500000000001 0.26875000000000004 0.05998214285714287 0.02248214285714284
