20 0.318125 0.645 0.053733552631578974 0.037483552631578876
20 0.573125 0.431875 0.02624161073825504 0.023741610738255037
03 0.1575 0.905625 0.022456896551724115 0.05870689655172412
03 0.3375 0.673125 0.04999444444444445 0.0837444444444444
08 0.2925 0.16000000000000003 0.014988095238095245 0.057488095238095255
18 0.2 0.6681250000000001 0.042492977528089865 0.04624297752808981
18 0.63375 0.39437500000000003 0.03749509803921569 0.03874509803921572
03 0.16 0.186875 0.04745689655172414 0.10620689655172413
11 0.094375 0.3125 0.05622844827586207 0.05997844827586207
06 0.2681534090909091 0.893125 0.21119318181818186 0.04113636363636364
06 0.786875 0.43375 0.04373579545454531 0.06248579545454547
20 0.913125 0.33375 0.056219512195122 0.039969512195122014
