15 0.13 0.075 0.027483552631578936 0.01748355263157894
15 0.85375 0.11375 0.04999161073825498 0.04249161073825505
13 0.869375 0.455 0.19620689655172407 0.022456896551724115
03 0.14687499999999998 0.636875 0.03624444444444444 0.04874444444444448
06 0.8574999999999999 0.378125 0.014988095238095078 0.04873809523809525
06 0.786875 0.251875 0.018742977528089844 0.03874297752808986
01 0.6175 0.416875 0.027495098039215682 0.021245098039215704
06 0.6925 0.5075 0.01745689655172411 0.09745689655172413
18 0.576875 0.180625 0.026228448275862015 0.028728448275862073
12 0.301875 0.3675 0.056136363636363595 0.05988636363636357
06 0.869375 0.513125 0.013735795454545396 0.12123579545454544
