14 0.31499999999999995 0.724375 0.024983552631578976 0.033733552631578956
11 0.9775 0.053125 0.029991610738254848 0.023741610738255023
20 0.91125 0.9762500000000001 0.014956896551724164 0.01745689655172422
10 0.38187499999999996 0.755625 0.031244444444444464 0.02874444444444435
03 0.02375 0.12062500000000001 0.034988095238095235 0.021238095238095236
18 0.309375 0.8025 0.018742977528089844 0.019992977528089817
18 0.436875 0.8475 0.023745098039215706 0.024995098039215735
03 0.8712500000000001 0.36 0.04245689655172413 0.04995689655172414
14 0.3 0.4925 0.04497844827586206 0.03497844827586205
06 0.2875 0.809375 0.06988636363636364 0.08613636363636379
03 0.705625 0.41812499999999997 0.031235795454545356 0.028735795454545465
