03 0.38187499999999996 0.179375 0.038733552631578905 0.033733552631578984
03 0.60625 0.206875 0.04749161073825503 0.02624161073825504
01 0.635625 0.5231250000000001 0.028706896551724093 0.026206896551724035
02 0.349375 0.369375 0.04624444444444453 0.023744444444444512
20 0.55 0.958125 0.027488095238095256 0.028738095238095118
20 0.855 0.541875 0.02499297752808982 0.028742977528089853
05 0.74875 0.6756249999999999 0.022495098039215677 0.04124509803921572
14 0.371875 0.38125 0.0337068965517241 0.034956896551724126
14 0.445 0.545625 0.032478448275862104 0.04622844827586203
13 0.818125 0.5425 0.05863636363636382 0.13238636363636358
