05 0.504375 0.7949999999999999 0.026233552631578894 0.06498355263157884
05 0.815 0.030625 0.024991610738254955 0.05124161073825503
04 0.524375 0.729375 0.046206896551724164 0.028706896551724093
08 0.9075 0.754375 0.057494444444444404 0.0362444444444443
09 0.46875 0.8025 0.02498809523809531 0.052488095238095056
07 0.9225 0.436875 0.09249297752808983 0.041242977528089864
09 0.273125 0.155 0.04374509803921567 0.052495098039215704
14 0.344375 0.066875 0.07370689655172413 0.018706896551724146
14 0.736875 0.690625 0.021228448275862122 0.03372844827586219
10 0.865625 0.98375 0.023636363636363678 0.022386363636363704
14 0.439375 0.0875 0.08373579545454546 0.044985795454545466
10 0.39437500000000003 0.839375 0.023719512195121972 0.023719512195121917
18 0.676875 0.37687499999999996 0.026232142857142815 0.028732142857142817
04 0.128125 0.106875 0.04123750000000001 0.02373750000000001
