08 0.1125 0.31937499999999996 0.029983552631578952 0.018733552631578942
10 0.196875 0.32625000000000004 0.018741610738255032 0.01749161073825506
05 0.7037500000000001 0.18875 0.022456896551724115 0.04245689655172413
19 0.801875 0.8725 0.013744444444444337 0.017494444444444368
20 0.526875 0.410625 0.023738095238095225 0.018738095238095276
04 0.400625 0.51 0.023742977528089848 0.02249297752808982
12 0.45875 0.30375 0.027495098039215682 0.027495098039215682
10 0.470625 0.059375 0.02120689655172414 0.01870689655172414
03 0.31625000000000003 0.7949999999999999 0.03997844827586211 0.01997844827586215
02 0.241875 0.970625 0.06363636363636363 0.02113636363636373
06 0.6968749999999999 0.32625 0.031235795454545356 0.037485795454545445
03 0.579375 0.35624999999999996 0.03871951219512193 0.017469512195121994
06 0.23125446428571428 0.8768750000000001 0.05999107142857141 0.0587321428571429
03 0.955628125 0.62625 0.04124374999999991 0.03498750000000006
