03 0.221875 0.825 0.108733552631579 0.03498355263157882
14 0.40874999999999995 0.24624999999999997 0.06999161073825505 0.08249161073825503
03 0.5287392241379311 0.171875 0.05997844827586207 0.0387068965517241
03 0.56875 0.36375 0.09749444444444455 0.03249444444444449
13 0.434375 0.8887499999999999 0.07373809523809527 0.08748809523809509
03 0.8756250000000001 0.74625 0.08624297752808985 0.1099929775280899
10 0.7 0.7637499999999999 0.02999509803921574 0.032495098039215686
03 0.5449999999999999 0.6025 0.08245689655172417 0.04495689655172408
18 0.226875 0.450625 0.031228448275862075 0.03372844827586208
03 0.961875 0.5706249999999999 0.05613636363636376 0.05613636363636354
05 0.436875 0.70625 0.031235795454545467 0.06748579545454525
06 0.665 0.5268673780487805 0.149969512195122 0.043734756097560945
14 0.6487499999999999 0.2 0.09748214285714274 0.05248214285714284
