09 0.23374999999999999 0.426875 0.05748355263157895 0.04623355263157891
01 0.673125 0.843125 0.038741610738254884 0.02374161073825487
07 0.70125 0.44 0.04745689655172414 0.1899568965517241
12 0.621875 0.780625 0.07624444444444434 0.07624444444444434
08 0.298125 0.42500000000000004 0.08623809523809528 0.08248809523809525
10 0.423125 0.86 0.04624297752808987 0.03749297752808989
20 0.6243749999999999 0.181875 0.031245098039215713 0.03374509803921569
09 0.17875000000000002 0.40125 0.05745689655172412 0.0749568965517241
06 0.5150053879310346 0.7887500000000001 0.06998922413793107 0.19247844827586225
03 0.8200000000000001 0.2425 0.04988636363636367 0.09738636363636366
12 0.25625 0.3475 0.07248579545454545 0.06248579545454547
03 0.825625 0.28812499999999996 0.181219512195122 0.06871951219512201
