06 0.381875 0.595 0.031233552631578898 0.02498355263157892
10 0.7893749999999999 0.475 0.01624161073825492 0.01749161073825506
08 0.343125 0.14875 0.0387068965517241 0.014956896551724136
14 0.6543749999999999 0.6675 0.02874444444444446 0.02499444444444432
18 0.079375 0.136875 0.018738095238095234 0.021238095238095223
03 0.58125 0.9825 0.022492977528089875 0.01749297752808987
12 0.3275 0.263125 0.032495098039215686 0.03624509803921569
20 0.836875 0.208125 0.02120689655172414 0.02120689655172414
04 0.8375 0.235625 0.032478448275862215 0.02372844827586207
14 0.255 0.763125 0.03488636363636366 0.036136363636363744
11 0.485 0.875 0.029985795454545494 0.022485795454545432
03 0.493125 0.783125 0.02871951219512192 0.051219512195122
20 0.475 0.0625 0.01248214285714283 0.012482142857142851
03 0.453125 0.593125 0.026237500000000025 0.04623749999999993
