08 0.438125 0.3375 0.026233552631578894 0.01248355263157891
18 0.46625 0.8968750000000001 0.014991610738255057 0.018741610738254866
08 0.6812499999999999 0.36125 0.032456896551724124 0.01745689655172411
03 0.9450000000000001 0.34187500000000004 0.007494444444444359 0.013744444444444504
20 0.971875 0.0675 0.01873809523809511 0.019988095238095235
03 0.725 0.6268750000000001 0.029992977528089826 0.016242977528089786
14 0.124375 0.93875 0.031245098039215685 0.014995098039215726
03 0.566875 0.2925 0.016206896551724137 0.012456896551724161
03 0.905 0.595625 0.029978448275862157 0.028728448275862073
05 0.19874999999999998 0.85375 0.01488636363636367 0.02488636363636365
11 0.67625 0.448125 0.02498579545454538 0.02123579545454546
18 0.455625 0.8925000000000001 0.016219512195121966 0.01746951219512194
07 0.378125 0.048125 0.04123214285714283 0.041232142857142856
03 0.46562499999999996 0.71375 0.018737500000000018 0.05248750000000002
