11 0.406875 0.806875 0.0337335526315789 0.033733552631578956
03 0.18937500000000002 0.28437500000000004 0.01874161073825506 0.05374161073825506
03 0.26625 0.749375 0.019956896551724113 0.028706896551724093
08 0.13 0.94625 0.03499444444444445 0.04249444444444439
09 0.891875 0.26125 0.02623809523809517 0.04498809523809527
19 0.0925 0.675 0.044992977528089895 0.022492977528089875
08 0.441875 0.730625 0.03874509803921572 0.028745098039215655
20 0.49375 0.36375 0.019956896551724113 0.014956896551724108
10 0.07875 0.778125 0.02497844827586207 0.02372844827586229
17 0.22875 0.331875 0.05738636363636365 0.0586363636363636
00 0.4325 0.14875 0.029985795454545494 0.027485795454545464
09 0.28 0.076875 0.04746951219512202 0.056219512195121946
14 0.879375 0.34625 0.07123214285714285 0.02498214285714284
07 0.429375 0.390625 0.07873750000000002 0.0687375
