03 0.52125 0.92625 0.037483552631578876 0.039983552631578934
13 0.50125 0.81125 0.077491610738255 0.032491610738254906
03 0.219375 0.909375 0.031206896551724123 0.043706896551724106
04 0.874375 0.31500000000000006 0.04124444444444442 0.042494444444444446
09 0.316875 0.6375 0.031238095238095287 0.03998809523809521
08 0.5618767556179776 0.81375 0.05624648876404492 0.032492977528089884
18 0.763125 0.49562500000000004 0.028745098039215766 0.031245098039215713
06 0.483125 0.09187500000000001 0.11370689655172411 0.021206896551724128
14 0.06625 0.590625 0.01747844827586207 0.078728448275862
06 0.89625 0.600625 0.012386363636363695 0.043636363636363584
03 0.20625 0.690625 0.049985795454545484 0.07873579545454534
