06 0.2075 0.027499999999999997 0.024983552631578976 0.024983552631578945
09 0.8025 0.704375 0.042491610738254915 0.031241610738254932
02 0.744375 0.2875 0.02120689655172414 0.03745689655172413
18 0.483125 0.475 0.013744444444444504 0.017494444444444535
06 0.18 0.8925 0.037488095238095265 0.12248809523809512
04 0.41312499999999996 0.3125 0.031242977528089855 0.022492977528089875
11 0.244375 0.90125 0.031245098039215713 0.02999509803921563
08 0.021249999999999998 0.27 0.024956896551724138 0.01745689655172411
19 0.87 0.22875 0.01997844827586226 0.03497844827586208
03 0.038125 0.700625 0.028636363636363637 0.02363636363636379
06 0.6475 0.939375 0.07998579545454532 0.07873579545454534
