03 0.188125 0.154375 0.04373355263157899 0.07623355263157895
20 0.7362500000000001 0.79125 0.014991610738254946 0.017491610738254892
07 0.6231249999999999 0.810614224137931 0.053706896551724115 0.03872844827586208
03 0.3425 0.48624999999999996 0.027494444444444543 0.01999444444444448
07 0.5418779761904762 0.38125 0.02374404761904758 0.037488095238095265
20 0.830625 0.49 0.036242977528089804 0.029992977528089826
20 0.18375 0.906875 0.029995098039215684 0.023745098039215762
03 0.5275000000000001 0.7625 0.05495689655172409 0.02745689655172412
04 0.0325 0.606875 0.027478448275862065 0.021228448275862122
08 0.865625 0.054375 0.0386363636363638 0.023636363636363636
12 0.042499999999999996 0.24312499999999998 0.032485795454545455 0.036235795454545444
12 0.5 0.4675 0.03746951219512201 0.03996951219512196
03 0.63 0.5625 0.05498214285714287 0.04998214285714275
11 0.6556249999999999 0.614375 0.036237500000000034 0.026237499999999914
