06 0.5062500000000001 0.49249588815789475 0.039983552631578934 0.03749177631578948
07 0.858125 0.14 0.026241610738254928 0.059991610738255055
06 0.5675 0.521875 0.0074568965517241015 0.07120689655172407
00 0.22625 0.9025000000000001 0.02499444444444443 0.019994444444444315
06 0.903125 0.705625 0.028738095238095118 0.06873809523809504
06 0.40125 0.31875 0.062492977528089855 0.027492977528089824
03 0.12125122549019607 0.891875 0.009997549019607851 0.04124509803921572
20 0.526875 0.07375 0.02120689655172414 0.022456896551724143
01 0.22999999999999998 0.72125 0.022478448275862067 0.014978448275862255
07 0.49 0.775625 0.01738636363636359 0.026136363636363735
05 0.916875 0.983125 0.023735795454545405 0.01873579545454529
02 0.140625 0.7381249999999999 0.013719512195121963 0.03621951219512198
18 0.799375 0.041874999999999996 0.016232142857142917 0.018732142857142857
20 0.9075 0.846875 0.01748749999999999 0.016237500000000016
