20 0.63625 0.6187499999999999 0.03248355263157887 0.022483552631578863
04 0.48687499999999995 0.808125 0.03624161073825499 0.026241610738254928
03 0.20625 0.225 0.027456896551724147 0.024956896551724117
20 0.766875 0.8187500000000001 0.026244444444444404 0.017494444444444368
05 0.36875 0.878125 0.03998809523809527 0.01873809523809511
11 0.719375 0.91625 0.0312429775280898 0.022492977528089764
08 0.195 0.91625 0.02499509803921568 0.03749509803921569
07 0.9043749999999999 0.905 0.02120689655172414 0.10995689655172414
10 0.836875 0.985 0.018728448275862175 0.022478448275862206
13 0.41625 0.540625 0.0848863636363636 0.08113636363636356
