13 0.88625 0.790625 0.10248355263157893 0.20123355263157894
02 0.61625 0.396875 0.012491610738254999 0.03624161073825505
04 0.871875 0.9650000000000001 0.036206896551724044 0.019956896551724168
00 0.019999999999999997 0.315 0.02999444444444444 0.022494444444444484
00 0.911875 0.83375 0.041238095238095074 0.04248809523809505
06 0.245 0.109375 0.009992977528089864 0.0937429775280899
03 0.12875 0.44375 0.03749509803921569 0.01749509803921573
15 0.07999999999999999 0.083125 0.02495689655172413 0.07870689655172414
13 0.6812500000000001 0.7625 0.11497844827586212 0.032478448275862215
10 0.48062499999999997 0.16562500000000002 0.03363636363636363 0.028636363636363654
07 0.54625 0.20437499999999997 0.07498579545454542 0.09373579545454544
15 0.224375 0.7749999999999999 0.023719512195121972 0.03746951219512196
03 0.415 0.2175 0.029982142857142846 0.03248214285714285
17 0.815625 0.63 0.036237500000000034 0.03498749999999995
