18 0.079375 0.725 0.03373355263157894 0.03498355263157893
03 0.16875 0.239375 0.05749161073825507 0.04624161073825506
07 0.62 0.365 0.05245689655172403 0.04245689655172413
01 0.8556250000000001 0.29312499999999997 0.04874444444444437 0.048744444444444424
20 0.023125 0.7481249999999999 0.031238095238095235 0.031238095238095176
18 0.25 0.19624999999999998 0.03499297752808983 0.03749297752808986
01 0.08625 0.583125 0.03749509803921569 0.04124509803921561
06 0.6799999999999999 0.860625 0.05495689655172409 0.12120689655172412
03 0.44937499999999997 0.5843750000000001 0.07872844827586206 0.04622844827586203
03 0.694375 0.505625 0.04113636363636375 0.06363636363636366
14 0.5925 0.6337499999999999 0.06498579545454541 0.06498579545454541
06 0.8374923780487805 0.383125 0.12248475609756104 0.14621951219512197
