11 0.90875 0.786875 0.01748355263157897 0.016233552631578885
19 0.903125 0.075625 0.013741610738254972 0.02624161073825504
01 0.57125 0.9356249999999999 0.014956896551724164 0.011206896551724133
20 0.2225 0.29625 0.017494444444444424 0.017494444444444424
03 0.5625 0.47125 0.007488095238095349 0.029988095238095314
06 0.859375 0.7037500000000001 0.02124297752808979 0.022492977528089875
03 0.3075 0.74875 0.022495098039215677 0.014995098039215726
13 0.245 0.301875 0.02995689655172415 0.04120689655172416
08 0.250625 0.6993750000000001 0.01372844827586206 0.018728448275862175
03 0.1825 0.203125 0.01488636363636367 0.023636363636363678
14 0.7025 0.895625 0.03998579545454528 0.041235795454545254
03 0.185 0.49624999999999997 0.027469512195121976 0.01996951219512194
