18 0.92875 0.88625 0.027483552631578867 0.029983552631578925
06 0.333125 0.6174999999999999 0.12124161073825501 0.02999161073825507
15 0.7 0.760625 0.01745689655172411 0.04870689655172411
03 0.6018749999999999 0.48187499999999994 0.0737444444444445 0.056244444444444486
06 0.650625 0.23374999999999999 0.08123809523809522 0.09748809523809526
07 0.435 0.663125 0.0674929775280898 0.061242977528089826
03 0.42562500000000003 0.408125 0.031245098039215657 0.02624509803921571
11 0.34750000000000003 0.16062500000000002 0.03995689655172413 0.033706896551724125
20 0.62375 0.11812500000000001 0.029978448275862046 0.028728448275862073
03 0.919346590909091 0.03875 0.053693181818181945 0.054886363636363636
05 0.250625 0.29374999999999996 0.026235795454545463 0.05498579545454546
03 0.745 0.6475 0.02746951219512206 0.057469512195121975
20 0.380625 0.04375 0.038732142857142826 0.024982142857142856
03 0.588125 0.10625000000000001 0.03623749999999992 0.06498749999999999
