03 0.919375 0.49812500000000004 0.01123355263157888 0.038733552631578905
03 0.168125 0.945 0.031241610738255043 0.022491610738254897
01 0.585 0.47 0.012456896551724106 0.009956896551724104
10 0.229375 0.346875 0.011244444444444418 0.011244444444444501
04 0.051875000000000004 0.73125 0.02123809523809523 0.017488095238095136
10 0.190625 0.96375 0.013742977528089867 0.012492977528089755
10 0.29625 0.92875 0.019995098039215675 0.024995098039215624
12 0.905 0.733125 0.019956896551724168 0.02120689655172414
03 0.940625 0.458125 0.011228448275862224 0.008728448275862055
04 0.9225 0.59125 0.019886363636363757 0.0173863636363637
01 0.801875 0.660625 0.01873579545454529 0.021235795454545348
07 0.8368673780487805 0.490625 0.028734756097560932 0.018719512195121968
