03 0.5075 0.285 0.05748355263157884 0.022483552631578974
10 0.034375 0.684375 0.021241610738255028 0.018741610738254866
03 0.361875 0.31125 0.026206896551724146 0.019956896551724113
15 0.031875 0.536875 0.006244444444444441 0.02124444444444451
13 0.299375 0.395 0.03623809523809529 0.11748809523809528
03 0.48125 0.67125 0.02499297752808982 0.03749297752808989
03 0.186875 0.295625 0.02374509803921568 0.018745098039215702
01 0.499375 0.78125 0.01870689655172414 0.014956896551724164
03 0.56875 0.276875 0.0274784482758621 0.0562284482758621
03 0.8300000000000001 0.271875 0.09988636363636372 0.04363636363636364
