19 0.05500000000000001 0.04125000000000001 0.049983552631578956 0.03498355263157896
18 0.40625 0.47062499999999996 0.034991610738255075 0.03874161073825505
20 0.403125 0.33187500000000003 0.04870689655172411 0.0362068965517241
01 0.7893749999999999 0.408125 0.03874444444444436 0.043744444444444475
20 0.7525 0.04 0.019988095238095194 0.022488095238095238
03 0.121875 0.15375 0.01874297752808987 0.04499297752808987
03 0.48875 0.23062500000000002 0.03749509803921569 0.03624509803921569
05 0.5700000000000001 0.108125 0.032456896551724124 0.05870689655172413
15 0.073125 0.425 0.06622844827586206 0.039978448275862055
03 0.8143750000000001 0.503125 0.07863636363636373 0.038636363636363635
03 0.6393749999999999 0.1475 0.023735795454545405 0.07998579545454547
04 0.05187499999999999 0.24875000000000003 0.028719512195121942 0.03246951219512198
