19 0.26187499999999997 0.19187500000000002 0.018733552631578998 0.02873355263157898
17 0.87625 0.585 0.01999161073825495 0.02999161073825507
03 0.93375 0.9425 0.02745689655172412 0.05245689655172403
03 0.079375 0.7106250000000001 0.028744444444444447 0.021244444444444288
10 0.105625 0.6168750000000001 0.03873809523809524 0.033738095238095345
00 0.839375 0.056875 0.023742977528089848 0.02374297752808989
05 0.22125 0.28 0.029995098039215684 0.01749509803921573
19 0.200625 0.455 0.00870689655172413 0.012456896551724106
04 0.81375 0.23625000000000002 0.024978448275862153 0.022478448275862067
15 0.805625 0.541875 0.008636363636363775 0.013636363636363669
02 0.801875 0.23625000000000002 0.021235795454545237 0.03748579545454547
08 0.429375 0.878125 0.013719512195122019 0.03621951219512198
15 0.226875 0.69375 0.016232142857142834 0.022482142857142895
