03 0.7793749999999999 0.03 0.018733552631578942 0.022483552631578946
06 0.4450020973154363 0.91625 0.004995805369127526 0.06249161073825493
14 0.95875 0.259375 0.019956896551724057 0.033706896551724125
09 0.42874999999999996 0.24 0.024994444444444486 0.019994444444444426
12 0.73375 0.75 0.02998809523809509 0.02998809523809509
13 0.243125 0.52125 0.05124297752808987 0.054992977528089904
09 0.8887499999999999 0.175 0.024995098039215624 0.019995098039215703
03 0.91625 0.893125 0.04495689655172419 0.036206896551724044
03 0.839375 0.24 0.028728448275862184 0.032478448275862076
04 0.924375 0.176875 0.0336363636363638 0.031136363636363684
