01 0.975625 0.5725 0.01123355263157888 0.012483552631578965
14 0.54 0.41875 0.022491610738255008 0.034991610738255075
00 0.19187500000000002 0.35562499999999997 0.031206896551724123 0.028706896551724148
06 0.458125 0.694375 0.006244444444444497 0.05874444444444438
03 0.91625 0.6668750000000001 0.02998809523809509 0.04373809523809513
18 0.225 0.120625 0.014992977528089868 0.01874297752808987
18 0.093125 0.535625 0.0162450980392157 0.018745098039215646
03 0.960625 0.365625 0.016206896551724137 0.03870689655172416
15 0.008125 0.6468750000000001 0.006228448275862068 0.021228448275862122
05 0.931875 0.98125 0.023636363636363678 0.022386363636363815
04 0.33999999999999997 0.338125 0.024985795454545434 0.02123579545454546
03 0.846875 0.9768749999999999 0.03121951219512198 0.016219512195121966
01 0.746875 0.426875 0.013732142857142748 0.016232142857142806
