20 0.318125 0.419375 0.031233552631578954 0.02123355263157889
03 0.16249999999999998 0.38187499999999996 0.04749161073825506 0.06624161073825502
03 0.721875 0.8625 0.036206896551724044 0.032456896551724124
03 0.26625 0.18437499999999998 0.042494444444444446 0.07124444444444444
03 0.36312500000000003 0.213125 0.06123809523809526 0.03373809523809526
20 0.63625 0.665 0.039992977528089835 0.03749297752808989
16 0.85625 0.053750000000000006 0.04999509803921576 0.05999509803921569
01 0.558125 0.54 0.0237068965517242 0.019956896551724168
11 0.17562499999999998 0.57875 0.04622844827586206 0.03247844827586199
20 0.75125 0.138125 0.049886363636363784 0.03113636363636363
