08 0.06249999999999999 0.24812088815789474 0.03998355263157895 0.03374177631578945
15 0.1825 0.030625 0.022491610738255063 0.038741610738255036
11 0.45125 0.43000000000000005 0.03745689655172413 0.024956896551724117
15 0.9625 0.735 0.02499444444444432 0.02499444444444432
02 0.97375 0.8912500000000001 0.017488095238095136 0.03248809523809515
01 0.7093750000000001 0.035625 0.04624297752808981 0.04374297752808989
08 0.1275 0.88125 0.024995098039215694 0.034995098039215744
05 0.458125 0.04000000000000001 0.016206896551724137 0.029956896551724142
06 0.699375 0.58375 0.03122844827586224 0.022478448275861984
03 0.12062500000000001 0.15375 0.026136363636363638 0.05238636363636365
03 0.653125 0.3375 0.016235795454545343 0.0374857954545455
18 0.865 0.0325 0.019969512195121997 0.02246951219512195
02 0.07125000000000001 0.08125000000000002 0.024982142857142856 0.027482142857142858
03 0.7925 0.489375 0.01748749999999999 0.04123750000000004
