18 0.6581250000000001 0.403125 0.018733552631578942 0.02123355263157889
12 0.786875 0.36312500000000003 0.038741610738254995 0.04874161073825506
11 0.48875 0.044375000000000005 0.02745689655172412 0.02120689655172414
05 0.903125 0.3225 0.03624444444444441 0.01749444444444448
02 0.615625 0.06875 0.01873809523809533 0.03248809523809524
08 0.18 0.128125 0.012492977528089866 0.0537429775280899
10 0.15999877450980393 0.701875 0.019997549019607846 0.0162450980392157
03 0.48375 0.400625 0.019956896551724113 0.023706896551724144
03 0.53375 0.85 0.032478448275862104 0.032478448275862215
03 0.16187500000000002 0.12 0.05363636363636365 0.032386363636363644
03 0.18874999999999997 0.725 0.029985795454545466 0.037485795454545334
