15 0.609375 0.3275 0.04873355263157886 0.04748355263157894
03 0.445 0.676875 0.05749161073825504 0.08124161073825498
00 0.121875 0.8875 0.043706896551724134 0.032456896551724124
06 0.2925 0.38374861111111114 0.10499444444444445 0.05499722222222225
08 0.473125 0.39375 0.031238095238095287 0.06748809523809529
03 0.155 0.160625 0.02749297752808988 0.03874297752808986
13 0.6825 0.82375 0.10749509803921575 0.08499509803921568
00 0.12625 0.30562500000000004 0.03745689655172413 0.02620689655172409
08 0.42562500000000003 0.34625 0.028728448275862017 0.07747844827586203
14 0.40625 0.4975 0.07238636363636364 0.04238636363636361
