20 0.289375 0.22562500000000002 0.03873355263157896 0.026233552631578977
20 0.650625 0.334375 0.03374161073825499 0.02874161073825504
19 0.6825 0.1325 0.03745689655172413 0.04995689655172414
03 0.38749999999999996 0.6 0.01999444444444448 0.05999444444444446
04 0.4475 0.23875000000000002 0.037488095238095265 0.027488095238095284
06 0.68375 0.23625 0.1349929775280898 0.052492977528089846
03 0.063125 0.32875 0.031245098039215685 0.022495098039215677
05 0.889364224137931 0.734375 0.03872844827586208 0.028706896551724093
05 0.30625 0.6712499999999999 0.039978448275862055 0.03747844827586222
15 0.400625 0.90375 0.046136363636363587 0.0173863636363637
15 0.763125 0.9256249999999999 0.05373579545454532 0.04373579545454531
05 0.849375 0.260625 0.02121951219512197 0.04371951219512196
14 0.693125 0.776875 0.02373214285714287 0.03123214285714282
18 0.44625000000000004 0.93125 0.024987499999999996 0.029987500000000056
