03 0.93125 0.473125 0.014983552631578911 0.018733552631578887
03 0.065 0.161875 0.02999161073825502 0.013741610738255056
00 0.15000000000000002 0.8587499999999999 0.017456896551724138 0.012456896551724106
05 0.47250000000000003 0.8843749999999999 0.027494444444444543 0.02874444444444435
04 0.639375 0.21250000000000002 0.023738095238095114 0.019988095238095277
13 0.7337499999999999 0.7462500000000001 0.05499297752808985 0.06499297752808986
03 0.5162500000000001 0.06 0.012495098039215669 0.03499509803921569
03 0.36624999999999996 0.8556250000000001 0.02995689655172412 0.03120689655172415
04 0.211875 0.24625 0.028728448275862073 0.02247844827586204
20 0.5025000000000001 0.49312500000000004 0.017386363636363644 0.018636363636363618
03 0.840625 0.27937500000000004 0.02873579545454541 0.03373579545454547
18 0.8531249999999999 0.379375 0.016219512195121966 0.018719512195121968
03 0.226875 0.6025 0.038732142857142826 0.0424821428571428
12 0.155625 0.7581249999999999 0.033737500000000004 0.036237500000000034
