15 0.11124999999999999 0.858125 0.05248355263157893 0.061233552631578925
05 0.201875 0.051875 0.02624161073825504 0.03374161073825503
09 0.42125 0.16 0.04745689655172414 0.03995689655172413
11 0.6956249999999999 0.273125 0.031244444444444297 0.03624444444444441
05 0.10625 0.76125 0.02998809523809523 0.037488095238095154
07 0.576875 0.15499999999999997 0.03874297752808986 0.054992977528089876
20 0.17125 0.6025 0.04249509803921567 0.02999509803921574
07 0.543125 0.8656250000000001 0.14870689655172414 0.17870689655172411
10 0.7931250000000001 0.5193749999999999 0.028728448275862184 0.021228448275862122
04 0.024375 0.96625 0.03613636363636363 0.03738636363636372
08 0.565 0.643125 0.029985795454545383 0.03623579545454536
03 0.6793750000000001 0.81375 0.061219512195121895 0.057469512195121975
20 0.56 0.144375 0.02498214285714273 0.02373214285714287
05 0.8049999999999999 0.33687500000000004 0.019987499999999936 0.04623749999999999
