04 0.638125 0.6975 0.061233552631578925 0.057483552631578894
05 0.575 0.171875 0.03749161073825513 0.06374161073825507
07 0.7481249999999999 0.581875 0.12620689655172412 0.1637068965517241
03 0.910625 0.44875 0.0987444444444443 0.044994444444444504
05 0.221875 0.59875 0.03123809523809526 0.054988095238095225
07 0.256875 0.1975 0.061242977528089854 0.1374929775280899
03 0.18874999999999997 0.833125 0.16249509803921566 0.056245098039215735
03 0.84625 0.32999999999999996 0.09745689655172407 0.0724568965517241
20 0.4 0.466875 0.04247844827586206 0.03372844827586208
03 0.55375 0.8575 0.0323863636363636 0.09488636363636371
15 0.24937499999999999 0.45125000000000004 0.08123579545454546 0.07998579545454548
03 0.1325 0.593125 0.09246951219512195 0.0662195121951219
02 0.4125 0.058124999999999996 0.05498214285714281 0.04373214285714286
