13 0.8699958881578947 0.19625 0.08749177631578942 0.08248355263157897
04 0.22 0.045 0.022491610738255063 0.019991610738255033
04 0.701875 0.95875 0.026206896551724146 0.024956896551724173
06 0.31312500000000004 0.4275 0.023744444444444457 0.022494444444444484
03 0.6981250000000001 0.8812500000000001 0.04373809523809513 0.04248809523809516
12 0.309375 0.8712500000000001 0.028742977528089853 0.032492977528089884
08 0.12687500000000002 0.9368749999999999 0.041245098039215694 0.031245098039215713
18 0.718125 0.656875 0.01370689655172419 0.016206896551724137
00 0.649375 0.7693749999999999 0.02372844827586218 0.01622844827586223
04 0.5325 0.39625 0.029886363636363544 0.01988636363636359
08 0.4525 0.87625 0.037485795454545445 0.017485795454545316
12 0.556875 0.8981250000000001 0.03871951219512204 0.03371951219512204
07 0.51125 0.9175 0.01748214285714278 0.029982142857142846
