04 0.18375 0.27125 0.02998355263157898 0.024983552631578976
02 0.7925 0.3725 0.04999161073825498 0.10249161073825508
05 0.238125 0.778125 0.016206896551724137 0.026206896551724146
05 0.4237486111111111 0.96 0.027497222222222284 0.037494444444444386
11 0.28 0.9075 0.02748809523809531 0.019988095238095083
00 0.8787499999999999 0.131875 0.02499297752808982 0.021242977528089887
09 0.29625 0.8725 0.042495098039215695 0.059995098039215766
02 0.24375000000000002 0.53625 0.022456896551724143 0.03745689655172413
03 0.523125 0.40875 0.028728448275862073 0.06497844827586208
03 0.42625 0.91875 0.022386363636363593 0.09988636363636372
06 0.405625 0.548125 0.02373579545454546 0.018735795454545512
