20 0.6568750000000001 0.604375 0.031233552631578898 0.021233552631579
15 0.308125 0.1925 0.04124161073825505 0.032491610738255045
08 0.44499999999999995 0.35250000000000004 0.034956896551724126 0.062456896551724095
13 0.42 0.745625 0.12499444444444452 0.06874444444444439
00 0.131875 0.414375 0.04373809523809523 0.033738095238095234
06 0.11187499999999999 0.6031232443820225 0.12874297752808986 0.04624648876404491
18 0.589375 0.85625 0.03624509803921572 0.03749509803921569
15 0.439375 0.68 0.03120689655172415 0.03745689655172413
04 0.690625 0.27625 0.0487284482758622 0.049978448275862064
01 0.795625 0.57 0.033636363636363686 0.027386363636363598
