05 0.23562499999999997 0.344375 0.023733552631578975 0.016233552631578885
01 0.598125 0.80375 0.011241610738255026 0.012491610738254888
01 0.27 0.235 0.012456896551724161 0.012456896551724134
18 0.525 0.61125 0.014994444444444532 0.01749444444444448
10 0.49875 0.025 0.014988095238095245 0.014988095238095234
00 0.358125 0.8162499999999999 0.01624297752808984 0.014992977528089813
03 0.5662499999999999 0.4325 0.009995098039215722 0.022495098039215677
03 0.34562499999999996 0.25625 0.01870689655172414 0.02745689655172409
06 0.608125 0.681875 0.05622844827586204 0.03122844827586224
06 0.10125 0.45125 0.009886363636363624 0.022386363636363593
03 0.6956249999999999 0.18 0.03873579545454542 0.01498579545454548
14 0.35875 0.46125 0.024969512195122 0.04496951219512202
