13 0.77125 0.255625 0.037483552631578876 0.13873355263157894
03 0.36375 0.7375 0.03499161073825502 0.032491610738254906
12 0.30625 0.29125 0.044956896551724135 0.044956896551724135
04 0.43062500000000004 0.23125 0.03624444444444447 0.03249444444444441
20 0.22875 0.97125 0.029988095238095286 0.027488095238095034
08 0.521875 0.8668750000000001 0.02124297752808979 0.04624297752808981
07 0.029375 0.025 0.03374509803921569 0.04249509803921569
10 0.139375 0.905625 0.016206896551724137 0.01370689655172419
03 0.909375 0.30062500000000003 0.03872844827586219 0.09122844827586202
07 0.5331250000000001 0.89375 0.05613636363636354 0.019886363636363757
13 0.09 0.5025000000000001 0.03748579545454546 0.08498579545454549
18 0.49812500000000004 0.43437499999999996 0.021219512195122026 0.023719512195121972
04 0.109375 0.30874999999999997 0.03373214285714288 0.02998214285714279
04 0.51125 0.6225 0.0324875 0.029987499999999945
