03 0.735 0.336875 0.012483552631578965 0.04873355263157897
03 0.26937500000000003 0.603125 0.02124161073825509 0.06874161073825502
02 0.858125 0.5149999999999999 0.023706896551724088 0.022456896551724115
03 0.56375 0.59875 0.022494444444444484 0.014994444444444532
03 0.091875 0.739375 0.011238095238095241 0.04623809523809519
01 0.665625 0.40249999999999997 0.016242977528089897 0.014992977528089868
03 0.041249999999999995 0.11374999999999999 0.047495098039215686 0.01999509803921569
09 0.864375 0.505 0.0387068965517241 0.04745689655172414
14 0.709375 0.754375 0.03372844827586219 0.018728448275862175
04 0.85 0.3075 0.022386363636363704 0.022386363636363704
02 0.786875 0.233125 0.016235795454545343 0.031235795454545467
18 0.125 0.515 0.01746951219512194 0.019969512195121997
