18 0.931875 0.555625 0.02123355263157889 0.023733552631578836
03 0.26187499999999997 0.105 0.03874161073825505 0.04249161073825505
20 0.169375 0.46625 0.01870689655172414 0.01745689655172411
02 0.6487499999999999 0.05875000000000001 0.04499444444444445 0.06999444444444446
03 0.11812500000000001 0.0925 0.01373809523809523 0.017488095238095233
06 0.9212482443820225 0.60375 0.12249648876404495 0.01749297752808987
09 0.11624999999999999 0.7731250000000001 0.03749509803921568 0.028745098039215766
11 0.799375 0.458125 0.026206896551724035 0.02120689655172414
14 0.8 0.568125 0.03747844827586222 0.05122844827586204
20 0.3775 0.854375 0.022386363636363593 0.02113636363636373
00 0.9237500000000001 0.270625 0.04248579545454534 0.03623579545454547
03 0.029374999999999995 0.39749999999999996 0.03621951219512194 0.027469512195122003
