03 0.23125 0.6681250000000001 0.052483552631579 0.02873355263157895
03 0.79 0.39 0.07999161073825489 0.09999161073825502
03 0.595 0.4425 0.012456896551724106 0.024956896551724173
07 0.365 0.9199999999999999 0.0374944444444445 0.03999444444444433
04 0.5787500000000001 0.459375 0.017488095238095247 0.016238095238095274
15 0.875625 0.18375000000000002 0.028742977528089853 0.02499297752808985
07 0.69875 0.295 0.02999509803921563 0.052495098039215704
20 0.67625 0.876875 0.024956896551724173 0.026206896551724146
01 0.47062499999999996 0.725 0.016228448275862062 0.014978448275862144
10 0.174375 0.705 0.028636363636363654 0.029886363636363766
03 0.426875 0.07875000000000001 0.09123579545454547 0.07498579545454546
03 0.653125 0.691875 0.023719512195122028 0.04621951219512199
