03 0.2850041118421053 0.6325000000000001 0.009991776315789458 0.027483552631578978
14 0.77625 0.35125 0.024991610738254844 0.014991610738255057
03 0.8006249999999999 0.08625 0.023706896551724088 0.024956896551724145
00 0.26125 0.6187499999999999 0.024994444444444402 0.022494444444444484
09 0.423125 0.79 0.026238095238095227 0.024988095238095087
18 0.3425 0.84875 0.014992977528089868 0.01749297752808987
20 0.5856250000000001 0.89125 0.021245098039215704 0.01999509803921562
03 0.49875 0.088125 0.017456896551724166 0.04120689655172413
06 0.026875 0.36812500000000004 0.01872844827586207 0.02622844827586207
18 0.223125 0.023125 0.013636363636363669 0.016136363636363636
01 0.950625 0.8981250000000001 0.016235795454545232 0.021235795454545348
03 0.270625 0.4475 0.011219512195121961 0.04996951219512197
06 0.38625 0.56875 0.03498214285714285 0.03498214285714285
