20 0.29000000000000004 0.958125 0.042483552631578936 0.043733552631578965
13 0.88 0.62375 0.13999161073825483 0.1524916107382549
03 0.77625 0.3025 0.06245689655172404 0.1274568965517241
03 0.940625 0.55 0.07624444444444434 0.0424944444444445
20 0.90875 0.24 0.062488095238095176 0.039988095238095295
15 0.9225000000000001 0.285625 0.04499297752808984 0.10374297752808984
09 0.89625 0.204375 0.052495098039215704 0.05874509803921568
19 0.42000000000000004 0.40375 0.09745689655172413 0.05495689655172409
14 0.63625 0.558125 0.07497844827586209 0.073728448275862
14 0.81875 0.14625 0.03238636363636371 0.04738636363636364
06 0.6325000000000001 0.458125 0.029985795454545383 0.28873579545454553
04 0.7337499999999999 0.029374999999999995 0.06746951219512198 0.03621951219512194
06 0.83125 0.2375 0.2399821428571428 0.019982142857142837
07 0.346875 0.9575 0.026237500000000025 0.08248750000000005
