00 0.34875 0.983125 0.022483552631578863 0.013733552631578938
05 0.46875 0.645625 0.022491610738255008 0.018741610738254977
08 0.6174999999999999 0.9724999999999999 0.019956896551724168 0.032456896551724124
08 0.34687500000000004 0.3775 0.018744444444444508 0.00749444444444447
03 0.358125 0.890625 0.026238095238095227 0.023738095238095225
06 0.62625 0.24125000000000002 0.009992977528089808 0.01499297752808984
04 0.47250000000000003 0.620625 0.01749509803921573 0.021245098039215704
03 0.74 0.52125 0.014956896551724164 0.03495689655172418
04 0.5 0.14375 0.02247844827586204 0.019978448275862065
01 0.064375 0.545625 0.008636363636363636 0.008636363636363553
20 0.685 0.774375 0.017485795454545427 0.013735795454545285
20 0.42000000000000004 0.48812500000000003 0.01246951219512199 0.013719512195121963
