20 0.78375 0.24624999999999997 0.029983552631578925 0.032483552631578955
01 0.16499999999999998 0.78 0.03749161073825505 0.02999161073825496
20 0.225 0.57125 0.02745689655172412 0.019956896551724168
03 0.03437638888888889 0.026875000000000003 0.028747222222222223 0.023744444444444446
12 0.066875 0.835 0.03373809523809524 0.06498809523809512
20 0.551875 0.784375 0.026242977528089906 0.023742977528089848
03 0.7262500000000001 0.799375 0.017495098039215784 0.05124509803921573
18 0.28 0.14500000000000002 0.019956896551724113 0.022456896551724143
09 0.905 0.3225 0.032478448275862215 0.019978448275862037
12 0.310625 0.200625 0.0686363636363636 0.07113636363636366
10 0.34875 0.174375 0.02498579545454549 0.02123579545454546
