15 0.059375 0.66 0.04623355263157894 0.04498355263157894
03 0.604375 0.129375 0.02624161073825504 0.058741610738255054
12 0.0325 0.6643749999999999 0.04495689655172414 0.04620689655172405
18 0.724375 0.90625 0.026244444444444293 0.027494444444444266
02 0.73 0.223125 0.034988095238095096 0.10373809523809524
18 0.375 0.12375 0.02749297752808988 0.032492977528089884
04 0.14375 0.8787499999999999 0.03499509803921569 0.032495098039215686
18 0.1825 0.8768750000000001 0.02745689655172412 0.028706896551724204
02 0.28375 0.393125 0.03747844827586211 0.03372844827586208
19 0.460625 0.870625 0.03863636363636358 0.04113636363636375
15 0.853125 0.2575 0.016235795454545343 0.05748579545454546
06 0.59375 0.46875 0.08746951219512189 0.024969512195122
