11 0.6018749999999999 0.835 0.02123355263157889 0.019983552631578916
03 0.8868750000000001 0.201875 0.018741610738254866 0.023741610738255037
08 0.55875 0.8300000000000001 0.03745689655172413 0.019956896551724168
03 0.46375 0.839375 0.01749444444444448 0.03874444444444436
08 0.240625 0.108125 0.02373809523809528 0.018738095238095234
15 0.038125 0.801875 0.016242977528089883 0.026242977528089906
18 0.085625 0.57125 0.016245098039215686 0.01999509803921573
07 0.818125 0.27248922413793103 0.018706896551724084 0.039978448275862055
04 0.779375 0.67 0.02372844827586218 0.022478448275862206
08 0.954375 0.195625 0.033636363636363686 0.01613636363636367
06 0.54125 0.3025 0.06248579545454547 0.01498579545454548
15 0.215 0.200625 0.009969512195121988 0.03371951219512198
