00 0.255625 0.76875 0.06123355263157901 0.05998355263157895
00 0.14 0.18375000000000002 0.05249161073825505 0.032491610738255045
07 0.481875 0.35562499999999997 0.08620689655172409 0.03870689655172416
10 0.7112499999999999 0.7893749999999999 0.04499444444444445 0.02874444444444435
20 0.76125 0.528125 0.02248809523809514 0.021238095238095278
15 0.5675 0.20625 0.057492977528089906 0.042492977528089865
18 0.5449999999999999 0.6156250000000001 0.03999509803921575 0.04124509803921572
11 0.24375000000000002 0.53625 0.05995689655172412 0.03745689655172413
01 0.230625 0.8049999999999999 0.048728448275862035 0.04497844827586228
03 0.7337499999999999 0.10875000000000001 0.024886363636363762 0.054886363636363636
20 0.18937500000000002 0.2425 0.02623579545454549 0.019985795454545457
06 0.17 0.441875 0.03996951219512196 0.026219512195121975
11 0.6637500000000001 0.8600000000000001 0.05248214285714281 0.039982142857142855
