14 0.651875 0.479375 0.05873355263157887 0.05623355263157892
03 0.06625 0.723125 0.029991610738255042 0.06124161073825496
11 0.803125 0.130625 0.036206896551724155 0.026206896551724132
05 0.88375 0.806875 0.022494444444444373 0.058744444444444266
14 0.579375 0.651875 0.07623809523809522 0.03623809523809518
06 0.27812499999999996 0.91625 0.05124297752808987 0.08499297752808976
20 0.6575 0.36312500000000003 0.01999509803921573 0.018745098039215702
01 0.703125 0.55625 0.046206896551724164 0.029956896551724066
08 0.044375 0.40625 0.04872844827586206 0.057478448275862015
08 0.19624999999999998 0.295625 0.02488636363636368 0.0461363636363637
02 0.24125000000000002 0.535625 0.0674857954545455 0.05623579545454549
