09 0.7224999999999999 0.744375 0.019983552631578916 0.033733552631578956
01 0.938125 0.364375 0.011241610738254915 0.011241610738255026
06 0.8525 0.6799999999999999 0.039956896551724186 0.08745689655172406
15 0.469375 0.07250000000000001 0.03374444444444452 0.03249444444444445
03 0.01625 0.70375 0.017488095238095237 0.024988095238095198
16 0.9212499999999999 0.38 0.022492977528089875 0.03749297752808989
14 0.5525 0.2825 0.014995098039215726 0.01749509803921573
03 0.796875 0.884364224137931 0.03120689655172404 0.008728448275862055
20 0.48 0.14875 0.009978448275862084 0.009978448275862056
10 0.084375 0.42500000000000004 0.021136363636363634 0.01988636363636359
03 0.244375 0.43125 0.02123579545454546 0.017485795454545483
01 0.193125 0.8556250000000001 0.011219512195121989 0.013719512195122019
01 0.5231250000000001 0.32 0.018732142857142864 0.014982142857142833
