12 0.8456250000000001 0.890625 0.051233552631578916 0.07123355263157882
08 0.924375 0.746875 0.07624161073825497 0.056241610738254955
03 0.6487499999999999 0.91125 0.03495689655172407 0.03745689655172413
06 0.84125 0.474375 0.06749444444444441 0.08124444444444445
03 0.8625 0.13374999999999998 0.012488095238095132 0.027488095238095228
14 0.1375 0.535 0.039992977528089904 0.0474929775280899
07 0.25312377450980394 0.925 0.06624754901960786 0.02999509803921574
18 0.34687500000000004 0.948125 0.01870689655172414 0.02120689655172403
15 0.5225 0.696875 0.032478448275862104 0.03122844827586224
07 0.5469034090909091 0.5525 0.026193181818181865 0.0323863636363636
20 0.831875 0.748125 0.01873579545454529 0.016235795454545343
11 0.14125 0.7875 0.029969512195121922 0.019969512195121997
09 0.770625 0.5449999999999999 0.02123214285714292 0.07498214285714278
