18 0.235 0.8425 0.017483552631578997 0.019983552631578916
03 0.235 0.70375 0.019991610738255033 0.03499161073825485
07 0.5 0.0625 0.02745689655172412 0.03245689655172415
06 0.11 0.256875 0.07999444444444445 0.016244444444444422
13 0.87625 0.56375 0.04998809523809511 0.0724880952380953
12 0.9693750000000001 0.34687500000000004 0.03374297752808986 0.041242977528089864
08 0.16499999999999998 0.9375 0.019995098039215703 0.01999509803921562
06 0.505625 0.5700000000000001 0.1037068965517241 0.012456896551724106
01 0.290625 0.155625 0.028728448275862073 0.018728448275862064
01 0.240625 0.736875 0.01613636363636367 0.018636363636363673
09 0.35875 0.67125 0.02498579545454549 0.01498579545454537
14 0.045 0.300625 0.022469512195121943 0.026219512195121975
