03 0.879375 0.884375 0.023733552631578947 0.023733552631578947
06 0.43562500000000004 0.431875 0.05874161073825507 0.05124161073825506
03 0.321875 0.90625 0.05620689655172412 0.02745689655172412
06 0.78625 0.975 0.017494444444444257 0.03249444444444438
10 0.629375 0.13125 0.026238095238095283 0.01998809523809525
00 0.055625 0.36875 0.02374297752808989 0.019992977528089872
03 0.42 0.7718750000000001 0.05749509803921571 0.02374509803921565
08 0.886864224137931 0.3225 0.02372844827586207 0.022456896551724115
04 0.5125 0.538125 0.024978448275862042 0.01372844827586206
03 0.08812500000000001 0.39437500000000003 0.026136363636363638 0.04363636363636364
14 0.280625 0.8456250000000001 0.03623579545454547 0.04373579545454531
