03 0.675 0.233125 0.027483552631578978 0.056233552631578976
05 0.861875 0.20750000000000002 0.028741610738254875 0.029991610738255042
06 0.643125 0.21375 0.07620689655172408 0.009956896551724131
09 0.51875 0.384375 0.02499444444444443 0.03374444444444452
11 0.5675 0.698125 0.02248809523809525 0.02623809523809517
03 0.081875 0.444375 0.04124297752808989 0.023742977528089848
10 0.07625000000000001 0.40249999999999997 0.024995098039215694 0.02499509803921568
06 0.8987499999999999 0.8674999999999999 0.04245689655172413 0.05495689655172409
18 0.553125 0.55875 0.018728448275862064 0.019978448275862037
15 0.339375 0.596875 0.0061363636363636065 0.02113636363636362
08 0.2275035511363636 0.055 0.01499289772727272 0.009985795454545449
07 0.28937500000000005 0.870625 0.038719512195121986 0.08121951219512202
