03 0.76625 0.96375 0.03248355263157898 0.037483552631578876
00 0.766875 0.51 0.04374161073825489 0.029991610738255015
14 0.958125 0.8200000000000001 0.0387068965517241 0.059956896551724204
13 0.44062500000000004 0.10250000000000001 0.0712444444444445 0.08749444444444444
11 0.8943749999999999 0.03875000000000001 0.03373809523809512 0.03748809523809524
03 0.5568767556179774 0.605 0.026246488764044895 0.07499297752808987
15 0.201875 0.035 0.04624509803921567 0.024995098039215683
02 0.54625 0.6675 0.06495689655172421 0.029956896551724066
12 0.21375 0.7737499999999999 0.04247844827586206 0.039978448275862166
04 0.354375 0.504375 0.033636363636363575 0.028636363636363626
09 0.578125 0.5700000000000001 0.03623579545454536 0.047485795454545454
