09 0.4 0.9775 0.034983552631578874 0.029983552631578925
13 0.095 0.6075 0.029991610738255042 0.04749161073825503
03 0.10375000000000001 0.663125 0.02245689655172413 0.02120689655172414
15 0.26125 0.7987500000000001 0.03499444444444441 0.009994444444444306
11 0.9475 0.27375 0.02248809523809514 0.017488095238095247
15 0.534375 0.315625 0.011242977528089892 0.043742977528089866
18 0.0925 0.185 0.012495098039215696 0.01499509803921567
01 0.57375 0.159375 0.019956896551724057 0.01870689655172411
20 0.62375 0.37687499999999996 0.012478448275862086 0.011228448275862057
01 0.70875 0.9606250000000001 0.009886363636363749 0.008636363636363664
15 0.6168785511363637 0.095 0.01624289772727272 0.007485795454545474
13 0.22749999999999998 0.8006249999999999 0.037469512195121984 0.07871951219512197
11 0.6968749999999999 0.273125 0.02123214285714281 0.01373214285714286
