01 0.91625 0.106875 0.037483552631578876 0.023733552631578947
06 0.226875 0.678125 0.07624161073825506 0.09874161073825505
00 0.438125 0.598125 0.036206896551724155 0.0337068965517241
03 0.923125 0.9075 0.043744444444444364 0.047494444444444395
06 0.110625 0.830625 0.033738095238095234 0.10873809523809508
10 0.68625 0.975625 0.029992977528089826 0.026242977528089795
02 0.334375 0.33625 0.026245098039215653 0.05499509803921565
08 0.5175 0.406875 0.01745689655172411 0.053706896551724115
14 0.72 0.73875 0.05497844827586218 0.03747844827586222
18 0.935 0.884375 0.02738636363636371 0.03113636363636374
20 0.77625 0.9275 0.03498579545454539 0.027485795454545325
07 0.870625 0.094375 0.07871951219512197 0.09371951219512195
