04 0.87625 0.71375 0.037483552631578876 0.03498355263157893
11 0.9225000000000001 0.45125000000000004 0.03749161073825491 0.022491610738255063
20 0.450625 0.48125 0.0337068965517241 0.022456896551724115
15 0.5725 0.186875 0.03249444444444449 0.051244444444444426
20 0.243125 0.450625 0.03373809523809529 0.02873809523809523
03 0.35 0.47062499999999996 0.03999297752808989 0.021242977528089846
18 0.08687500000000001 0.76625 0.016245098039215686 0.01999509803921562
07 0.6212500000000001 0.176875 0.032456896551724124 0.03620689655172413
20 0.110625 0.931875 0.028728448275862073 0.028728448275862295
06 0.17 0.591875 0.06988636363636364 0.1061363636363637
20 0.653125 0.808125 0.02873579545454541 0.023735795454545294
03 0.4275 0.6737500000000001 0.047469512195121966 0.05496951219512203
03 0.9049955357142857 0.391875 0.054991071428571514 0.023732142857142813
