01 0.988125 0.775625 0.013733552631578938 0.011233552631578991
08 0.228125 0.226875 0.023741610738255037 0.021241610738255035
13 0.563125 0.9706250000000001 0.0237068965517242 0.028706896551724204
04 0.06687499999999999 0.04 0.023744444444444443 0.022494444444444442
03 0.07875 0.62375 0.024988095238095226 0.019988095238095305
03 0.120625 0.6212500000000001 0.031242977528089882 0.032492977528089884
06 0.11000122549019609 0.806875 0.024997549019607837 0.056245098039215735
08 0.12373922413793104 0.7775 0.03747844827586207 0.014956896551724164
02 0.8631249999999999 0.10375000000000001 0.018728448275862175 0.012478448275862072
00 0.43 0.875625 0.01738636363636359 0.013636363636363669
06 0.8175 0.7462500000000001 0.04748579545454534 0.02248579545454532
14 0.846875 0.9681249999999999 0.026219512195121975 0.03621951219512198
06 0.898125 0.4849955357142857 0.05623214285714284 0.03249107142857144
