19 0.794375 0.31437499999999996 0.02873355263157895 0.028733552631578896
18 0.11937500000000001 0.775625 0.02374161073825505 0.026241610738254817
13 0.555625 0.199375 0.04120689655172416 0.05870689655172412
02 0.33999999999999997 0.278125 0.07249444444444447 0.04624444444444442
10 0.196875 0.39125 0.026238095238095283 0.02248809523809525
09 0.11937500000000001 0.18 0.04374297752808988 0.02499297752808985
20 0.968125 0.813125 0.028745098039215655 0.02624509803921571
04 0.42 0.23625 0.032456896551724124 0.02995689655172412
05 0.8968750000000001 0.61 0.026228448275862237 0.057478448275862126
02 0.865 0.9412499999999999 0.03238636363636371 0.03738636363636372
02 0.22 0.345 0.02498579545454549 0.0374857954545455
07 0.26 0.27125 0.009969512195121988 0.04496951219512199
11 0.50875 0.76125 0.0424821428571428 0.0374821428571428
01 0.390625 0.735625 0.02873749999999997 0.02873749999999997
