03 0.92625 0.745625 0.039983552631578934 0.051233552631578916
13 0.404375 0.749375 0.07874161073825503 0.04124161073825494
09 0.8043750000000001 0.5675 0.023706896551724088 0.039956896551724075
05 0.428125 0.80125 0.013744444444444504 0.037494444444444386
08 0.92625 0.385625 0.009988095238095074 0.021238095238095278
02 0.101875 0.938125 0.04374297752808988 0.028742977528089853
03 0.87375 0.47125 0.032495098039215686 0.01999509803921573
05 0.07125 0.729375 0.04745689655172414 0.026206896551724146
15 0.5275 0.35562499999999997 0.0274784482758621 0.011228448275862057
09 0.6775 0.761875 0.01738636363636381 0.04113636363636375
04 0.5900000000000001 0.9768749999999999 0.0349857954545455 0.031235795454545356
07 0.19125 0.678125 0.009969512195121988 0.051219512195122
08 0.15312053571428572 0.4525 0.026241071428571405 0.02248214285714284
