03 0.5575041118421052 0.213125 0.05499177631578944 0.08123355263157897
02 0.880625 0.203125 0.07624161073825486 0.05374161073825506
20 0.4 0.89125 0.05995689655172415 0.05995689655172409
02 0.3425 0.891875 0.05999444444444446 0.1362444444444444
03 0.35 0.589375 0.0699880952380953 0.06623809523809521
10 0.6612499999999999 0.6575 0.05499297752808985 0.0524929775280899
20 0.9475 0.81875 0.024995098039215735 0.024995098039215735
03 0.46875 0.84625 0.04495689655172408 0.05495689655172409
00 0.42375 0.784375 0.07497844827586209 0.056228448275862264
03 0.775 0.181875 0.05238636363636373 0.06363636363636366
