06 0.3093708881578947 0.11499999999999999 0.04124177631578946 0.06248355263157894
08 0.128125 0.7424999999999999 0.026241610738255067 0.017491610738254892
05 0.4825 0.656875 0.032456896551724124 0.018706896551724084
14 0.184375 0.35375 0.03624444444444444 0.02999444444444449
03 0.2725 0.8556250000000001 0.05998809523809526 0.14623809523809517
02 0.38 0.646875 0.019992977528089817 0.026242977528089906
03 0.43875 0.964375 0.01749509803921573 0.028745098039215655
09 0.22499999999999998 0.3675 0.05745689655172412 0.019956896551724168
11 0.40812499999999996 0.4575 0.021228448275862066 0.029978448275862046
20 0.245 0.09625 0.019886363636363646 0.01738636363636363
03 0.615 0.6337499999999999 0.029985795454545494 0.02498579545454538
03 0.174375 0.76 0.023719512195121972 0.029969512195122006
08 0.634375 0.7262500000000001 0.016232142857142806 0.03748214285714291
20 0.3725 0.28875 0.02498750000000005 0.02498750000000005
