03 0.94625 0.25687499999999996 0.039983552631578934 0.05123355263157897
18 0.48062499999999997 0.750625 0.018741610738255032 0.021241610738254924
02 0.9137500000000001 0.643125 0.08245689655172417 0.03870689655172421
10 0.383125 0.171875 0.03124444444444452 0.0212444444444444
03 0.500625 0.775625 0.01623809523809533 0.02623809523809517
15 0.22499999999999998 0.446875 0.029992977528089854 0.041242977528089864
07 0.04 0.8200000000000001 0.017495098039215687 0.03999509803921575
04 0.39375 0.5818749999999999 0.032456896551724124 0.023706896551724088
08 0.9668749999999999 0.463125 0.036228448275862246 0.061228448275862046
03 0.34875 0.941875 0.024886363636363595 0.033636363636363686
10 0.379375 0.888125 0.026235795454545463 0.02623579545454524
03 0.7112499999999999 0.08 0.029969512195121895 0.05996951219512195
06 0.45125000000000004 0.34125 0.08998214285714284 0.02748214285714279
