06 0.61875 0.29874999999999996 0.1199835526315789 0.034983552631578985
18 0.35375 0.6924999999999999 0.024991610738255066 0.0274916107382549
11 0.61 0.280625 0.04495689655172419 0.03370689655172415
03 0.18875 0.4337486111111111 0.02499444444444443 0.06499722222222226
10 0.838125 0.7068749999999999 0.03373809523809512 0.031238095238095176
18 0.19874999999999998 0.5275 0.02749297752808985 0.029992977528089826
06 0.419375 0.12375 0.028745098039215655 0.019995098039215675
09 0.79375 0.400625 0.029956896551724177 0.0387068965517241
13 0.40625 0.7562500000000001 0.06997844827586208 0.0799784482758622
13 0.28874999999999995 0.8300000000000001 0.07488636363636364 0.18488636363636368
15 0.130625 0.22125 0.05123579545454547 0.04498579545454545
