03 0.21375 0.744375 0.01748355263157897 0.03873355263157885
11 0.6625 0.295625 0.022491610738254897 0.016241610738255086
10 0.4125 0.7 0.017456896551724166 0.022456896551724115
06 0.82875 0.920625 0.0674944444444443 0.041244444444444306
10 0.178125 0.56125 0.018738095238095276 0.012488095238095243
03 0.020624999999999998 0.12375 0.021242977528089887 0.034992977528089886
00 0.2925 0.45687500000000003 0.019995098039215675 0.018745098039215702
02 0.03 0.70625 0.02245689655172414 0.029956896551724177
19 0.486875 0.34375 0.011228448275862113 0.012478448275862086
09 0.28500000000000003 0.828125 0.02238636363636365 0.018636363636363784
03 0.5825 0.045625 0.027485795454545436 0.016235795454545454
