10 0.56375 0.116875 0.05998355263157895 0.05373355263157893
08 0.8418749999999999 0.18125 0.08874161073825493 0.06249161073825504
03 0.225625 0.77875 0.11870689655172412 0.09745689655172407
16 0.909375 0.940625 0.11874444444444443 0.07374444444444428
06 0.0737470238095238 0.165 0.06749404761904762 0.19248809523809524
06 0.075625 0.08625 0.1412429775280899 0.0749929775280899
06 0.673125 0.763125 0.056245098039215735 0.21124509803921565
03 0.815 0.52875 0.07995689655172422 0.049956896551724195
03 0.7906249999999999 0.5231250000000001 0.09122844827586218 0.053728448275862095
09 0.110625 0.408125 0.09363636363636363 0.05363636363636359
04 0.4275 0.40437500000000004 0.07998579545454548 0.05373579545454549
09 0.164375 0.8925 0.06871951219512198 0.06246951219512198
