13 0.081875 0.185625 0.036233552631578944 0.08123355263157894
07 0.89375 0.428125 0.032491610738254906 0.02874161073825504
03 0.4525 0.426875 0.024956896551724117 0.0337068965517241
14 0.30062500000000003 0.859375 0.021244444444444455 0.06874444444444427
04 0.260625 0.21687499999999998 0.033738095238095234 0.028738095238095257
20 0.8300000000000001 0.7250000000000001 0.014992977528089813 0.014992977528089813
07 0.4056262254901961 0.7793749999999999 0.031247549019607856 0.07124509803921575
03 0.1525 0.86875 0.05245689655172414 0.024956896551724173
06 0.265625 0.0775 0.016228448275862117 0.03247844827586207
18 0.583125 0.130625 0.02113636363636351 0.02363636363636365
03 0.47062499999999996 0.3925 0.028735795454545465 0.047485795454545454
06 0.426875 0.16562500000000002 0.018719512195122023 0.016219512195121938
15 0.701875 0.044375 0.03373214285714288 0.03373214285714285
03 0.42125 0.25375000000000003 0.012487499999999985 0.08498750000000002
