03 0.6225 0.8631249999999999 0.039983552631578934 0.18873355263157887
20 0.829375 0.4475 0.07374161073825491 0.05499161073825504
00 0.96 0.425625 0.06745689655172415 0.06370689655172412
04 0.6656249999999999 0.205625 0.0737444444444445 0.06374444444444444
08 0.835 0.548125 0.13998809523809508 0.09873809523809529
02 0.62875 0.55 0.25749297752808986 0.08999297752808977
05 0.2525 0.705625 0.03499509803921566 0.09624509803921566
20 0.088125 0.1775 0.046206896551724136 0.04995689655172411
03 0.53 0.48 0.07497844827586203 0.1399784482758621
07 0.929375 0.133125 0.10363636363636375 0.02113636363636362
13 0.579375 0.35562499999999997 0.16873579545454542 0.16623579545454542
01 0.14750000000000002 0.45687500000000003 0.07746951219512196 0.056219512195121946
04 0.19124999999999998 0.87375 0.06748214285714285 0.05998214285714287
