14 0.185 0.295 0.02998355263157898 0.04248355263157899
03 0.22375 0.215 0.024991610738255066 0.027491610738255068
14 0.5387500000000001 0.27 0.032456896551724124 0.01745689655172411
00 0.87375 0.224375 0.037494444444444386 0.03624444444444444
10 0.870625 0.849375 0.028738095238095118 0.023738095238095114
03 0.5843750000000001 0.185 0.05624297752808982 0.04249297752808984
03 0.5918749999999999 0.38625 0.031245098039215713 0.052495098039215704
13 0.41312499999999996 0.09375 0.03870689655172416 0.08245689655172413
03 0.24125 0.075 0.052478448275862066 0.01497844827586206
11 0.6312500000000001 0.8443750000000001 0.024886363636363762 0.036136363636363744
