14 0.629375 0.808125 0.031233552631578898 0.023733552631578947
06 0.515625 0.08937500000000001 0.07624161073825508 0.03124161073825503
08 0.06937499999999999 0.37625 0.03370689655172414 0.019956896551724113
18 0.619375 0.621875 0.016244444444444506 0.018744444444444563
18 0.050625 0.606875 0.01623809523809524 0.01873809523809522
01 0.205625 0.36375 0.023742977528089848 0.01749297752808987
04 0.90125 0.286875 0.024995098039215735 0.02624509803921571
10 0.14250000000000002 0.211875 0.022456896551724143 0.016206896551724137
03 0.829375 0.7775000000000001 0.021228448275862233 0.02747844827586221
06 0.5193749999999999 0.8668750000000001 0.05363636363636359 0.02363636363636379
04 0.18375000000000002 0.71375 0.027485795454545464 0.029985795454545272
