19 0.144375 0.38125 0.02873355263157895 0.027483552631578922
20 0.966875 0.6643749999999999 0.03374161073825488 0.026241610738254928
06 0.1375 0.135 0.01995689655172414 0.08495689655172413
06 0.900625 0.8025 0.02874444444444435 0.019994444444444426
20 0.12687500000000002 0.609375 0.018738095238095248 0.013738095238095216
08 0.489375 0.7075 0.016242977528089897 0.029992977528089826
09 0.713125 0.700625 0.03624509803921572 0.026245098039215597
14 0.9625 0.04 0.024956896551724173 0.02245689655172414
03 0.868125 0.065625 0.01372844827586217 0.02372844827586207
04 0.686875 0.670625 0.028636363636363793 0.03113636363636374
08 0.24062144886363634 0.26437499999999997 0.031242897727272706 0.04123579545454545
20 0.09125 0.51875 0.022469512195121943 0.01746951219512194
14 0.45125000000000004 0.725625 0.02248214285714284 0.02123214285714281
