07 0.07875 0.37312500000000004 0.02748355263157895 0.04373355263157891
03 0.33375 0.705625 0.014991610738255057 0.03374161073825499
06 0.91875 0.76 0.07245689655172416 0.04745689655172414
10 0.635625 0.51125 0.0212444444444444 0.01749444444444448
03 0.553125 0.826875 0.061238095238095314 0.028738095238095118
04 0.341875 0.8049999999999999 0.03374297752808986 0.032492977528089884
17 0.965 0.05625 0.027495098039215682 0.029995098039215698
03 0.72125 0.711875 0.029956896551724177 0.08370689655172414
20 0.3675 0.29000000000000004 0.0274784482758621 0.02247844827586204
11 0.039375 0.09 0.021136363636363634 0.019886363636363633
