03 0.110625 0.190625 0.031233552631578954 0.04373355263157899
13 0.80125 0.80375 0.11499161073825492 0.09999161073825491
08 0.25625 0.031875 0.054956896551724144 0.031206896551724143
03 0.16812499999999997 0.07 0.031244444444444436 0.024994444444444458
20 0.081875 0.485 0.02873809523809523 0.029988095238095258
00 0.2 0.286875 0.03749297752808986 0.02624297752808985
06 0.3056262254901961 0.38375000000000004 0.07124754901960784 0.05749509803921565
03 0.58125 0.74 0.02745689655172412 0.019956896551724057
03 0.83125 0.5193749999999999 0.02747844827586221 0.04622844827586203
07 0.984375 0.34062499999999996 0.026136363636363846 0.03613636363636358
12 0.13875 0.736875 0.05748579545454548 0.0337357954545453
