03 0.03875 0.25375000000000003 0.027483552631578947 0.014983552631578967
12 0.45875 0.11125 0.034991610738255075 0.032491610738255045
01 0.7275 0.8225 0.01745689655172411 0.01745689655172411
03 0.6225 0.37625 0.012494444444444475 0.024994444444444486
06 0.653125 0.5075 0.013738095238095105 0.042488095238095214
03 0.498125 0.45875 0.006242977528089777 0.019992977528089817
12 0.081875 0.6268750000000001 0.031245098039215685 0.031245098039215713
08 0.9168750000000001 0.24625000000000002 0.011206896551724133 0.017456896551724138
04 0.17875000000000002 0.39875 0.017478448275862063 0.014978448275862033
03 0.944375 0.6175 0.01363636363636378 0.027386363636363598
20 0.7987500000000001 0.890625 0.014985795454545259 0.016235795454545343
03 0.275625 0.42625 0.023719512195121972 0.019969512195121997
01 0.6950000000000001 0.545625 0.012482142857142775 0.011232142857142802
