08 0.16125 0.9481250000000001 0.02748355263157895 0.031233552631578898
18 0.20375 0.14125 0.019991610738255033 0.022491610738255036
08 0.07999999999999999 0.28312499999999996 0.019956896551724126 0.023706896551724144
01 0.064375 0.735 0.02874444444444444 0.02499444444444432
05 0.05875 0.07250000000000001 0.03998809523809523 0.022488095238095238
18 0.405 0.130625 0.019992977528089872 0.02374297752808989
03 0.280625 0.780625 0.04374509803921567 0.0162450980392157
03 0.830625 0.06812499999999999 0.08370689655172414 0.08620689655172413
06 0.1900053879310345 0.8425 0.019989224137931055 0.024978448275862153
18 0.739375 0.46375 0.02113636363636373 0.024886363636363595
03 0.29625 0.4125 0.01498579545454548 0.024985795454545434
11 0.14437499999999998 0.22125 0.02871951219512195 0.029969512195121978
15 0.09125 0.393125 0.03248214285714286 0.036232142857142824
19 0.54 0.703125 0.027487499999999998 0.03123750000000003
