03 0.8943749999999999 0.55375 0.08123355263157894 0.01748355263157897
14 0.889375 0.854375 0.038741610738254884 0.02374161073825487
20 0.8825000000000001 0.834375 0.039956896551724186 0.028706896551724093
13 0.205625 0.21750000000000003 0.14124444444444442 0.07249444444444444
11 0.674375 0.8187500000000001 0.04373809523809513 0.05248809523809517
08 0.64375 0.986875 0.019992977528089928 0.01374297752808984
18 0.8512500000000001 0.0525 0.01999509803921573 0.01999509803921569
12 0.674375 0.8512500000000001 0.053706896551724115 0.06745689655172404
13 0.3825 0.825625 0.0949784482758621 0.07122844827586217
12 0.8500000000000001 0.47562499999999996 0.03738636363636372 0.08113636363636356
