03 0.6675 0.27375000000000005 0.019983552631578916 0.01998355263157897
13 0.36124999999999996 0.130625 0.03999161073825502 0.05624161073825505
20 0.75 0.29000000000000004 0.012456896551724217 0.014956896551724108
08 0.5625 0.044375 0.04499444444444456 0.026244444444444445
18 0.728125 0.5431250000000001 0.016238095238095163 0.01873809523809522
03 0.370625 0.538125 0.02624297752808985 0.026242977528089795
18 0.5331250000000001 0.951875 0.018745098039215757 0.021245098039215704
03 0.753125 0.950625 0.036206896551724044 0.03870689655172421
03 0.50875 0.179375 0.019978448275862093 0.02372844827586207
13 0.33375 0.231875 0.0948863636363636 0.033636363636363686
