18 0.6025 0.175 0.04498355263157894 0.04748355263157897
03 0.405625 0.59375 0.04624161073825506 0.04999161073825498
03 0.30874999999999997 0.32625000000000004 0.017456896551724166 0.044956896551724135
15 0.790625 0.36312500000000003 0.0212444444444444 0.03624444444444447
14 0.27125 0.703125 0.05498809523809528 0.06373809523809504
08 0.395625 0.655625 0.10124297752808986 0.0312429775280898
08 0.44999999999999996 0.43437499999999996 0.08749509803921568 0.023745098039215706
06 0.14 0.7581249999999999 0.06745689655172413 0.026206896551724035
11 0.933125 0.174375 0.06622844827586216 0.051228448275862065
03 0.6575 0.868125 0.10238636363636366 0.07363636363636372
04 0.17812499999999998 0.3425 0.07123579545454548 0.042485795454545505
05 0.510625 0.32437499999999997 0.061219512195122006 0.058719512195122
