19 0.681875 0.77125 0.04123355263157891 0.029983552631578814
20 0.94625 0.469375 0.0274916107382549 0.02624161073825504
03 0.251875 0.5900000000000001 0.043706896551724134 0.029956896551724177
10 0.085625 0.788125 0.03124444444444445 0.021244444444444288
19 0.42125 0.474375 0.017488095238095247 0.03873809523809524
05 0.438125 0.265625 0.03374297752808986 0.03874297752808986
11 0.36 0.28312499999999996 0.032495098039215686 0.03624509803921566
03 0.229375 0.19937500000000002 0.043706896551724106 0.043706896551724134
03 0.84375 0.5406249999999999 0.03747844827586211 0.03372844827586208
18 0.625625 0.88125 0.026136363636363624 0.029886363636363766
15 0.705 0.41874999999999996 0.017485795454545316 0.03998579545454545
