03 0.8318749999999999 0.6775 0.01123355263157888 0.022483552631578974
18 0.4575 0.4175 0.022491610738255063 0.024991610738255066
03 0.9475 0.8043750000000001 0.05245689655172414 0.03870689655172421
01 0.421875 0.701875 0.016244444444444506 0.016244444444444395
15 0.10375000000000001 0.074375 0.04498809523809523 0.02873809523809523
15 0.096875 0.815 0.03874297752808989 0.03749297752808978
03 0.179375 0.72 0.07124509803921569 0.034995098039215744
09 0.455 0.9806250000000001 0.02745689655172412 0.0337068965517241
18 0.47187500000000004 0.565 0.02622844827586207 0.02747844827586199
08 0.49 0.375 0.042386363636363666 0.01738636363636359
18 0.25 0.080625 0.019985795454545485 0.02123579545454546
