08 0.033125 0.210625 0.021233552631578955 0.04873355263157897
06 0.7900020973154362 0.36624999999999996 0.03249580536912744 0.03749161073825508
18 0.42875 0.7637499999999999 0.02745689655172412 0.029956896551724177
14 0.481875 0.559375 0.018744444444444452 0.08374444444444451
11 0.074375 0.549375 0.04123809523809523 0.041238095238095185
06 0.445625 0.343125 0.04624297752808981 0.06624297752808983
03 0.745 0.08625 0.0474950980392157 0.04999509803921569
04 0.406875 0.24875000000000003 0.04620689655172411 0.022456896551724143
01 0.693125 0.605 0.03372844827586219 0.024978448275862042
03 0.3919034090909091 0.173125 0.03369318181818182 0.018636363636363673
04 0.31625000000000003 0.4875 0.042485795454545505 0.037485795454545445
08 0.6775 0.460625 0.09996951219512207 0.09621951219512204
