20 0.12312499999999998 0.48124999999999996 0.01873355263157893 0.017483552631578914
08 0.431875 0.39749999999999996 0.04874161073825506 0.02499161073825501
04 0.924375 0.9025000000000001 0.026206896551724035 0.029956896551724177
03 0.22499999999999998 0.850625 0.04749444444444442 0.061244444444444324
04 0.33187500000000003 0.621875 0.03123809523809523 0.02873809523809523
05 0.595 0.64 0.032492977528089884 0.02749297752808988
06 0.41375122549019605 0.125625 0.03249754901960783 0.1112450980392157
03 0.503125 0.311875 0.03120689655172415 0.028706896551724148
03 0.9456249999999999 0.7206250000000001 0.021228448275862122 0.013728448275862282
15 0.45875 0.28812499999999996 0.03988636363636361 0.10363636363636361
10 0.7906249999999999 0.10375000000000001 0.031235795454545356 0.024985795454545476
