09 0.6756249999999999 0.81375 0.031233552631578898 0.047483552631578885
12 0.6074999999999999 0.5425 0.04499161073825497 0.03999161073825508
09 0.6781250000000001 0.053125 0.043706896551724106 0.05620689655172413
10 0.129375 0.689375 0.038744444444444456 0.033744444444444355
11 0.6950000000000001 0.10625 0.03248809523809515 0.034988095238095235
07 0.364375 0.14750000000000002 0.043742977528089866 0.014992977528089896
04 0.165 0.027500000000000004 0.032495098039215686 0.02999509803921569
14 0.443125 0.22375 0.053706896551724115 0.04745689655172414
19 0.058124999999999996 0.226875 0.038728448275862075 0.031228448275862075
08 0.5706249999999999 0.256875 0.05613636363636354 0.031136363636363656
02 0.18812855113636362 0.49187499999999995 0.051242897727272724 0.06123579545454544
10 0.935 0.714375 0.029969512195121895 0.026219512195121975
