03 0.369375 0.074375 0.02373355263157889 0.053733552631578946
13 0.925 0.549375 0.09999161073825491 0.11374161073825506
02 0.57125 0.49875 0.032456896551724124 0.04995689655172414
08 0.46125 0.6675 0.019994444444444537 0.054994444444444346
05 0.384375 0.41374999999999995 0.046238095238095245 0.03998809523809527
10 0.275 0.1225 0.03249297752808983 0.02999297752808988
11 0.8631249999999999 0.870625 0.04374509803921567 0.018745098039215646
06 0.968125 0.7206250000000001 0.05620689655172417 0.11870689655172406
01 0.2275 0.144375 0.04247844827586206 0.03622844827586208
08 0.618125 0.0675 0.026136363636363624 0.04988636363636363
13 0.326875 0.47500000000000003 0.10873579545454543 0.1599857954545455
01 0.183125 0.653125 0.05121951219512194 0.03121951219512198
03 0.6225044642857143 0.5487500000000001 0.06749107142857147 0.06248214285714282
03 0.364375 0.12937500000000002 0.02873749999999997 0.04873750000000002
