13 0.61375 0.5856250000000001 0.06498355263157896 0.033733552631578845
07 0.4475020973154362 0.3825 0.03499580536912755 0.03999161073825508
03 0.534375 0.85625 0.043706896551724106 0.039956896551724186
06 0.171875 0.770625 0.051244444444444454 0.06874444444444427
10 0.046875 0.49187500000000006 0.036238095238095236 0.03373809523809529
04 0.63 0.631875 0.03499297752808994 0.026242977528089795
20 0.0975 0.126875 0.024995098039215694 0.023745098039215692
04 0.384375 0.44625000000000004 0.041206896551724104 0.024956896551724117
03 0.458125 0.049375 0.05122844827586204 0.021228448275862073
04 0.34375 0.206875 0.03488636363636355 0.028636363636363682
