03 0.190625 0.8668750000000001 0.016233552631578968 0.06873355263157899
18 0.934375 0.499375 0.01624161073825492 0.018741610738255032
18 0.748125 0.515625 0.016206896551724137 0.018706896551724084
06 0.246875 0.84875 0.06874444444444441 0.054994444444444346
03 0.2925 0.509375 0.024988095238095254 0.02373809523809528
20 0.35562499999999997 0.4975 0.011242977528089837 0.012492977528089866
10 0.426875 0.655 0.018745098039215646 0.01999509803921573
08 0.786875 0.833125 0.03120689655172404 0.028706896551724093
07 0.788125 0.41812499999999997 0.07625000000000004 0.058728448275862044
03 0.018125 0.723125 0.028636363636363633 0.02113636363636373
05 0.139375 0.715625 0.013735795454545452 0.0337357954545453
06 0.411875 0.335625 0.07621951219512196 0.06371951219512195
00 0.5225 0.630625 0.02498214285714284 0.026232142857142815
