18 0.37124999999999997 0.5925 0.03248355263157893 0.03498355263157893
05 0.598125 0.901875 0.021241610738255035 0.038741610738254884
10 0.6656249999999999 0.8775 0.03120689655172415 0.02745689655172423
06 0.7493749999999999 0.69625 0.01874444444444434 0.04249444444444439
04 0.8574999999999999 0.95125 0.03248809523809515 0.037488095238095154
01 0.42625 0.8912500000000001 0.019992977528089872 0.012492977528089866
03 0.4225 0.2925 0.01499509803921567 0.03749509803921569
15 0.231875 0.083125 0.03620689655172413 0.011206896551724146
07 0.11375 0.666875 0.03997844827586208 0.04122844827586225
11 0.15875 0.39875 0.03238636363636366 0.027386363636363598
01 0.385 0.559375 0.019985795454545485 0.016235795454545454
11 0.181875 0.3125 0.03371951219512198 0.024969512195122
10 0.975 0.9375 0.02748214285714279 0.02748214285714279
20 0.48375 0.42625 0.022487499999999994 0.022487499999999994
