05 0.643125 0.673125 0.02873355263157895 0.061233552631578925
04 0.356875 0.933125 0.05374161073825501 0.04374161073825489
01 0.6975 0.5 0.039956896551724075 0.04245689655172408
01 0.35250000000000004 0.8674999999999999 0.05749444444444446 0.04499444444444445
20 0.14125 0.7125 0.03248809523809523 0.02998809523809509
07 0.46187500000000004 0.244375 0.031242977528089855 0.09874297752808983
06 0.76125 0.6443749999999999 0.15249509803921568 0.1262450980392157
03 0.14125 0.4825 0.05745689655172412 0.0649568965517241
11 0.256875 0.9025000000000001 0.05622844827586207 0.05747844827586224
02 0.17125 0.935 0.04488636363636367 0.04238636363636383
10 0.6556249999999999 0.424375 0.031235795454545467 0.0712357954545455
