08 0.140625 0.09625 0.013733552631578938 0.03998355263157895
05 0.421875 0.69625 0.023741610738255092 0.024991610738254955
15 0.045625 0.12687500000000002 0.018706896551724146 0.031206896551724123
10 0.965625 0.97875 0.023744444444444346 0.022494444444444373
03 0.04250297619047619 0.8262499999999999 0.019994047619047613 0.019988095238095194
18 0.40375 0.175 0.014992977528089813 0.017492977528089843
05 0.6225 0.034375 0.01999509803921573 0.03374509803921569
06 0.55125 0.22125 0.06745689655172415 0.019956896551724113
05 0.620625 0.6368750000000001 0.03122844827586202 0.018728448275862175
15 0.825 0.664375 0.029886363636363655 0.03113636363636374
03 0.9425 0.225625 0.01498579545454537 0.018735795454545456
08 0.190625 0.525625 0.046219512195121965 0.016219512195121966
08 0.8206249999999999 0.301875 0.016232142857142917 0.018732142857142864
20 0.774375 0.950625 0.013737500000000069 0.011237500000000011
