18 0.1125 0.8875 0.02748355263157895 0.027483552631578978
00 0.9175 0.040625 0.0274916107382549 0.02874161073825503
19 0.35062499999999996 0.9624999999999999 0.048706896551724166 0.032456896551724124
04 0.97 0.3325 0.029994444444444324 0.029994444444444435
03 0.48 0.59625 0.01998809523809525 0.027488095238095256
03 0.481875 0.376875 0.016242977528089897 0.03374297752808986
14 0.796875 0.48750000000000004 0.031245098039215602 0.019995098039215675
19 0.845 0.655 0.04245689655172413 0.032456896551724124
03 0.41812499999999997 0.685625 0.0562284482758621 0.021228448275862233
14 0.17562500000000003 0.34625 0.031136363636363656 0.019886363636363646
