15 0.465625 0.63375 0.031233552631578898 0.029983552631578925
08 0.924375 0.703125 0.01624161073825492 0.036241610738254826
05 0.5387500000000001 0.81125 0.014956896551724053 0.039956896551724075
14 0.6756249999999999 0.31000000000000005 0.01874444444444434 0.042494444444444446
03 0.17625000000000002 0.6443749999999999 0.017488095238095275 0.013738095238095216
13 0.6031267556179776 0.354375 0.04624648876404491 0.05624297752808982
08 0.968125 0.27 0.028745098039215655 0.03999509803921569
08 0.8725 0.5606249999999999 0.09245689655172418 0.02120689655172414
03 0.8831249999999999 0.62875 0.026228448275862237 0.049978448275862064
09 0.349375 0.558125 0.03113636363636363 0.023636363636363567
15 0.8612500000000001 0.68875 0.014985795454545259 0.019985795454545374
