08 0.109375 0.1775 0.008733552631578934 0.024983552631578976
15 0.580625 0.721875 0.006241610738255132 0.026241610738254928
15 0.728125 0.8049999999999999 0.016206896551724137 0.01745689655172422
04 0.2325 0.32 0.022494444444444428 0.02499444444444443
14 0.8175 0.906875 0.02248809523809503 0.01873809523809511
06 0.72 0.051875 0.022492977528089875 0.048742977528089884
03 0.29000000000000004 0.440625 0.01749509803921573 0.0162450980392157
19 0.8162499999999999 0.5375 0.012456896551724106 0.02745689655172412
03 0.30874999999999997 0.790625 0.01247844827586203 0.02372844827586218
06 0.585 0.6056250000000001 0.05988636363636357 0.011136363636363611
20 0.8887499999999999 0.42500000000000004 0.009985795454545365 0.012485795454545479
04 0.35750000000000004 0.558125 0.017469512195121994 0.013719512195121908
04 0.30625 0.8425 0.02248214285714284 0.01748214285714278
