12 0.073125 0.51 0.09873355263157894 0.06498355263157896
12 0.2875 0.36312500000000003 0.08249161073825503 0.061241610738255015
07 0.12874999999999998 0.141875 0.15995689655172413 0.07870689655172414
20 0.08375 0.16999999999999998 0.04749444444444445 0.04749444444444445
03 0.5743750000000001 0.289375 0.01873809523809522 0.051238095238095305
12 0.40875 0.10375 0.0474929775280899 0.034992977528089886
20 0.555625 0.079375 0.03374509803921566 0.031245098039215685
15 0.03875000000000001 0.766875 0.037500000000000006 0.023706896551724088
14 0.7831250000000001 0.556875 0.028728448275862184 0.04872844827586209
03 0.5575000000000001 0.909375 0.0323863636363636 0.06863636363636372
