03 0.7712541118421052 0.1925 0.05499177631578944 0.05998355263157898
08 0.125625 0.105625 0.036241610738255034 0.07624161073825503
20 0.653125 0.655625 0.036206896551724044 0.03370689655172421
11 0.26625 0.7537499999999999 0.057494444444444404 0.029994444444444324
14 0.535 0.745625 0.054988095238095225 0.06373809523809515
09 0.875 0.09 0.07999297752808987 0.04749297752808988
03 0.26375 0.54875 0.06749509803921569 0.0474950980392157
06 0.10001077586206897 0.26625 0.07747844827586209 0.1374568965517241
03 0.056875 0.7975 0.08872844827586207 0.06747844827586214
03 0.504375 0.356875 0.031136363636363573 0.03613636363636363
18 0.11937500000000001 0.28500000000000003 0.03623579545454547 0.03998579545454545
03 0.056249999999999994 0.558125 0.05246951219512194 0.08371951219512197
02 0.475 0.296875 0.06498214285714282 0.05873214285714279
11 0.93875 0.9412499999999999 0.05248750000000002 0.04998749999999996
