04 0.625 0.503125 0.03498355263157893 0.038733552631578905
14 0.403125 0.20500000000000002 0.056241610738255066 0.03499161073825505
08 0.328125 0.6074999999999999 0.05870689655172412 0.039956896551724186
03 0.28625 0.31062500000000004 0.07999444444444445 0.048744444444444424
14 0.7887500000000001 0.24125000000000002 0.029988095238095203 0.08498809523809528
03 0.116875 0.9199999999999999 0.061242977528089895 0.03749297752808978
03 0.8574999999999999 0.92375 0.022495098039215677 0.03749509803921569
03 0.030625000000000006 0.346875 0.033706896551724146 0.053706896551724115
18 0.656875 0.6681250000000001 0.03372844827586219 0.036228448275862246
20 0.2925 0.12125 0.06488636363636369 0.03988636363636365
03 0.1125 0.06125 0.052485795454545486 0.09998579545454546
03 0.71 0.845 0.047469512195121966 0.04996951219512202
09 0.906875 0.370625 0.06623214285714285 0.026232142857142815
