01 0.4425 0.77875 0.04498355263157894 0.027483552631578978
04 0.224375 0.21625 0.05624161073825504 0.05749161073825504
06 0.25875 0.72 0.1624568965517241 0.07995689655172411
02 0.7381249999999999 0.21375 0.07124444444444433 0.05249444444444443
03 0.35250000000000004 0.255 0.08248809523809525 0.03998809523809524
03 0.8025 0.44 0.03499297752808994 0.0524929775280899
06 0.8356250000000001 0.255625 0.04124509803921572 0.16874509803921567
04 0.50125 0.94375 0.0699568965517241 0.05995689655172409
20 0.669375 0.07375 0.03122844827586213 0.024978448275862063
03 0.343125 0.81875 0.05863636363636365 0.07238636363636375
06 0.42874999999999996 0.164375 0.12748579545454547 0.08623579545454546
00 0.846875 0.88875 0.06371951219512206 0.04246951219512196
