03 0.249375 0.13624999999999998 0.02873355263157898 0.014983552631578939
18 0.894375 0.17812499999999998 0.011241610738254915 0.013741610738255056
07 0.645635775862069 0.41000000000000003 0.03122844827586202 0.017456896551724166
18 0.06937499999999999 0.953125 0.013744444444444434 0.016244444444444284
18 0.621875 0.743125 0.013738095238095327 0.016238095238095163
05 0.330625 0.5231250000000001 0.0212429775280899 0.026242977528089795
09 0.20875 0.680625 0.022495098039215705 0.018745098039215757
03 0.920625 0.446875 0.02120689655172414 0.016206896551724137
01 0.6825 0.199375 0.00997844827586225 0.008728448275862055
08 0.9794034090909091 0.755 0.018693181818181914 0.009886363636363749
19 0.768125 0.926875 0.008735795454545392 0.011235795454545228
