04 0.459375 0.6556249999999999 0.0362335526315789 0.031233552631578898
03 0.66375 0.53375 0.069991610738255 0.03999161073825508
03 0.1875 0.58125 0.04245689655172413 0.02495689655172406
18 0.823125 0.718125 0.023744444444444346 0.026244444444444293
02 0.724375 0.27 0.023738095238095114 0.0424880952380953
15 0.196875 0.431875 0.031242977528089855 0.05874297752808988
20 0.67625 0.938125 0.022495098039215677 0.018745098039215646
12 0.9675 0.6387499999999999 0.03745689655172413 0.039956896551724186
00 0.029375 0.5025 0.03872844827586207 0.027478448275862044
08 0.508125 0.51375 0.048636363636363644 0.01738636363636359
03 0.7106250000000001 0.280625 0.02623579545454524 0.06373579545454547
