05 0.7424999999999999 0.7193750000000001 0.01748355263157897 0.031233552631578898
01 0.159375 0.38687499999999997 0.033741610738255046 0.026241610738255094
00 0.289375 0.113125 0.02120689655172414 0.018706896551724125
11 0.09 0.808125 0.03249444444444445 0.023744444444444346
09 0.021249999999999998 0.846875 0.03748809523809524 0.01873809523809511
11 0.31125 0.701875 0.034992977528089886 0.028742977528089853
04 0.6875 0.330625 0.027495098039215682 0.031245098039215713
08 0.314375 0.256875 0.043706896551724106 0.02120689655172414
18 0.62125 0.8049999999999999 0.01747844827586209 0.01997844827586215
03 0.1625 0.29 0.042386363636363666 0.039886363636363664
11 0.046875 0.218125 0.03373579545454545 0.028735795454545493
03 0.5375 0.40249999999999997 0.03246951219512195 0.034969512195121955
06 0.7712455357142858 0.244375 0.08749107142857138 0.06373214285714282
