10 0.853125 0.925625 0.10123355263157885 0.05623355263157892
09 0.7906249999999999 0.32125000000000004 0.09874161073825494 0.09499161073825507
09 0.075625 0.365625 0.04870689655172414 0.08620689655172414
13 0.283125 0.88 0.12374444444444443 0.17499444444444445
06 0.84875 0.33875 0.10748809523809522 0.20748809523809528
07 0.5918749999999999 0.818125 0.09624297752808986 0.12124297752808988
03 0.80375 0.7 0.08499509803921568 0.13499509803921572
04 0.610625 0.938125 0.06870689655172413 0.04120689655172405
18 0.846875 0.671875 0.05122844827586215 0.05122844827586226
06 0.18440340909090908 0.845 0.1436931818181818 0.039886363636363775
07 0.22312500000000002 0.608125 0.05123579545454546 0.12623579545454533
08 0.66125 0.686875 0.10996951219512208 0.051219512195122
10 0.425 0.12375 0.05248214285714281 0.03748214285714285
20 0.858125 0.614375 0.04123750000000004 0.043737499999999985
