11 0.448125 0.745625 0.04873355263157886 0.05623355263157892
03 0.6556249999999999 0.173125 0.056241610738254955 0.04624161073825506
05 0.06937499999999999 0.8574999999999999 0.053706896551724136 0.05245689655172414
06 0.789375 0.0975 0.023744444444444346 0.04749444444444445
20 0.27937500000000004 0.31999999999999995 0.0437380952380953 0.04498809523809527
09 0.8162499999999999 0.134375 0.032492977528089884 0.05874297752808988
03 0.68375 0.08374999999999999 0.0474950980392157 0.11749509803921568
06 0.205625 0.72125 0.13620689655172413 0.06745689655172404
03 0.36750000000000005 0.289375 0.05747844827586207 0.03372844827586208
02 0.24374999999999997 0.27125 0.059886363636363654 0.05738636363636368
03 0.686875 0.6074999999999999 0.058735795454545325 0.04498579545454551
04 0.41312499999999996 0.07125 0.048719512195121994 0.029969512195121943
08 0.355 0.428125 0.014982142857142833 0.036232142857142824
