10 0.728125 0.244375 0.023733552631578947 0.021233552631579
14 0.3625 0.59375 0.042491610738255026 0.01999161073825495
12 0.30875 0.275 0.032456896551724124 0.04995689655172414
03 0.595 0.6825 0.022494444444444484 0.03499444444444433
03 0.7175 0.210625 0.05998809523809512 0.03123809523809526
01 0.903125 0.5775 0.026242977528089795 0.024992977528089932
13 0.35750000000000004 0.25625 0.01499509803921567 0.0499950980392157
10 0.9412499999999999 0.290625 0.039956896551724186 0.02620689655172409
01 0.3225 0.87625 0.03497844827586205 0.029978448275862157
03 0.21125 0.8975 0.019886363636363674 0.02738636363636371
