10 0.18562499999999998 0.490625 0.023733552631578975 0.01623355263157894
18 0.5318750000000001 0.42625 0.011241610738255026 0.012491610738255055
15 0.6012500000000001 0.09937499999999999 0.012456896551724106 0.041206896551724145
20 0.476875 0.924375 0.016244444444444506 0.016244444444444395
02 0.63375 0.1825 0.03248809523809515 0.037488095238095265
10 0.529375 0.176875 0.018742977528089844 0.01624297752808984
05 0.084375 0.63 0.02124509803921569 0.024995098039215735
12 0.7987500000000001 0.354375 0.022456896551724115 0.03120689655172415
03 0.021875 0.4675 0.01622844827586207 0.017478448275862035
07 0.6 0.6656249999999999 0.03488636363636366 0.04613636363636375
03 0.6725 0.76 0.01498579545454537 0.03498579545454539
18 0.9375 0.6599999999999999 0.012469512195121935 0.014969512195121992
18 0.90625 0.065 0.00998214285714294 0.012482142857142858
08 0.246875 0.61 0.011237500000000011 0.03498749999999995
