07 0.26125 0.91 0.012483552631578965 0.037483552631578876
14 0.27812499999999996 0.271875 0.023741610738255037 0.031241610738255043
00 0.69875 0.5900000000000001 0.029956896551724066 0.022456896551724115
08 0.25875000000000004 0.750625 0.052494444444444455 0.023744444444444346
07 0.9412499999999999 0.47125 0.009988095238095185 0.03248809523809526
00 0.96375 0.241875 0.009992977528089808 0.008742977528089863
04 0.770625 0.3225 0.021245098039215593 0.014995098039215726
04 0.68875 0.79625 0.01745689655172411 0.014956896551724164
04 0.12125 0.38125 0.02247844827586208 0.017478448275862035
20 0.450625 0.01625 0.016136363636363615 0.017386363636363634
