20 0.23562499999999997 0.36250000000000004 0.023733552631578975 0.017483552631578914
03 0.8837520973154362 0.169375 0.044995805369127506 0.02874161073825504
08 0.965 0.770625 0.049956896551724084 0.018706896551724084
10 0.03 0.43875 0.022494444444444442 0.02249444444444454
02 0.18125000000000002 0.035 0.05248809523809525 0.034988095238095235
06 0.15437499999999998 0.2975 0.02874297752808988 0.08999297752808988
05 0.23875 0.5925 0.03499509803921569 0.01999509803921573
02 0.41500000000000004 0.051875000000000004 0.05745689655172409 0.04870689655172414
19 0.46562499999999996 0.061875 0.031228448275862075 0.02372844827586207
03 0.323125 0.439375 0.018636363636363618 0.016136363636363615
