08 0.7224999999999999 0.486875 0.08248355263157892 0.023733552631578947
18 0.33999999999999997 0.5249999999999999 0.029991610738255015 0.03249161073825502
05 0.694375 0.17812499999999998 0.043706896551724106 0.02870689655172412
02 0.930625 0.75875 0.10874444444444442 0.04249444444444439
07 0.06687499999999999 0.15875 0.07623809523809523 0.02248809523809525
06 0.19437500000000002 0.249375 0.008742977528089863 0.08624297752808988
03 0.9237500000000001 0.534375 0.05499509803921565 0.04124509803921572
03 0.415625 0.674375 0.041206896551724104 0.08870689655172403
08 0.7106250000000001 0.95625 0.04122844827586214 0.08247844827586215
09 0.556875 0.811875 0.05363636363636359 0.0386363636363638
