15 0.770625 0.40125 0.021233552631579 0.017483552631578858
07 0.35625 0.29625 0.024991610738255066 0.03749161073825502
09 0.055625 0.22375 0.03620689655172414 0.02745689655172412
02 0.785625 0.3675 0.01874444444444434 0.027494444444444488
19 0.74 0.198125 0.019988095238095083 0.02373809523809528
03 0.08687500000000001 0.389375 0.026242977528089892 0.02624297752808985
18 0.31375 0.8975 0.01499509803921567 0.017495098039215673
00 0.764375 0.700625 0.01370689655172408 0.008706896551724186
14 0.514375 0.615 0.028728448275862073 0.019978448275862037
06 0.948125 0.04875 0.07613636363636367 0.03238636363636363
07 0.83875 0.6018714488636364 0.04748579545454534 0.031242897727272734
14 0.7949999999999999 0.140625 0.012469512195122046 0.013719512195121963
11 0.365625 0.36812500000000004 0.01623214285714286 0.021232142857142866
03 0.4 0.420625 0.014987499999999987 0.04123749999999998
