03 0.430625 0.495625 0.08373355263157889 0.11123355263157886
04 0.69375 0.6387499999999999 0.06249161073825493 0.034991610738254963
03 0.6112500000000001 0.40375000000000005 0.06245689655172415 0.09745689655172413
02 0.18625 0.354375 0.03749444444444444 0.0762444444444445
16 0.128125 0.07125000000000001 0.05873809523809523 0.08998809523809524
20 0.559375 0.66625 0.03874297752808986 0.03499297752808994
07 0.9475 0.541875 0.07749509803921573 0.03624509803921572
20 0.266875 0.7275 0.02620689655172409 0.02495689655172406
08 0.601875 0.6975 0.028728448275862073 0.059978448275862295
19 0.11687499999999999 0.18625 0.05363636363636362 0.04988636363636367
04 0.46187500000000004 0.24312499999999998 0.06123579545454544 0.07123579545454548
20 0.7706249999999999 0.3425 0.026219512195121975 0.024969512195121946
15 0.079375 0.51875 0.07123214285714285 0.10248214285714285
18 0.849375 0.380625 0.043737499999999985 0.04623750000000004
