02 0.905625 0.21625 0.013733552631578938 0.01748355263157897
08 0.25187499999999996 0.9 0.023741610738255037 0.04499161073825486
03 0.15875 0.401875 0.019956896551724113 0.04370689655172416
04 0.7475 0.335625 0.02249444444444426 0.02874444444444446
03 0.8899999999999999 0.77 0.012488095238095132 0.019988095238095083
11 0.7475 0.8131250000000001 0.022492977528089875 0.023742977528089848
08 0.95625 0.766875 0.017495098039215673 0.03624509803921572
16 0.208125 0.450625 0.026206896551724146 0.0387068965517241
20 0.175625 0.649375 0.028728448275862073 0.026228448275862126
06 0.2719034090909091 0.296875 0.028693181818181812 0.06863636363636366
08 0.211875 0.7050000000000001 0.038735795454545474 0.02248579545454532
03 0.028749999999999998 0.035 0.007469512195121954 0.03746951219512195
10 0.299375 0.19687500000000002 0.02123214285714281 0.018732142857142836
