19 0.103125 0.919375 0.03123355263157894 0.026233552631579005
06 0.15187499999999998 0.41125 0.06374161073825504 0.009991610738255052
03 0.2575 0.715625 0.017456896551724138 0.03870689655172421
06 0.128125 0.24375 0.053744444444444456 0.007494444444444415
09 0.303125 0.868125 0.026238095238095227 0.016238095238095163
20 0.639375 0.528125 0.016242977528089897 0.018742977528089844
01 0.7224999999999999 0.8025 0.01999509803921573 0.014995098039215726
19 0.6112500000000001 0.5125 0.00995689655172416 0.027456896551724064
09 0.32 0.145625 0.022478448275862095 0.018728448275862064
20 0.66 0.6356250000000001 0.019886363636363757 0.016136363636363726
03 0.028125 0.1275 0.023735795454545454 0.03498579545454546
19 0.17250000000000001 0.053750000000000006 0.027469512195121948 0.019969512195121948
20 0.48 0.8075000000000001 0.02248214285714284 0.019982142857142837
03 0.095625 0.974375 0.018737500000000018 0.016237500000000016
