15 0.6 0.41437500000000005 0.012483552631578965 0.02373355263157889
13 0.7662500000000001 0.5706249999999999 0.0274916107382549 0.05874161073825512
03 0.10625000000000001 0.239375 0.019956896551724126 0.04120689655172416
04 0.618125 0.9706250000000001 0.03124444444444452 0.026244444444444404
12 0.794375 0.215625 0.05373809523809514 0.03123809523809526
10 0.61375 0.7581249999999999 0.03499297752808983 0.0212429775280899
06 0.7825 0.198125 0.024995098039215735 0.031245098039215685
03 0.755 0.24 0.039956896551724075 0.02995689655172415
12 0.634375 0.72875 0.028728448275862073 0.03747844827586222
03 0.019375 0.41500000000000004 0.031136363636363636 0.0298863636363636
04 0.34750000000000003 0.223125 0.02998579545454544 0.02373579545454546
04 0.7731250000000001 0.34062499999999996 0.026219512195121975 0.023719512195121972
