18 0.301875 0.41500000000000004 0.023733552631578947 0.024983552631578865
20 0.295625 0.665 0.02874161073825504 0.01999161073825484
14 0.06125 0.426875 0.027456896551724147 0.02120689655172414
03 0.6112500000000001 0.93625 0.009994444444444528 0.04249444444444439
03 0.53 0.9512499999999999 0.017488095238095247 0.034988095238095096
03 0.845 0.284375 0.01749297752808987 0.018742977528089844
05 0.06875 0.178125 0.024995098039215694 0.023745098039215706
03 0.84875 0.0475 0.03495689655172418 0.01995689655172414
07 0.080625 0.465 0.05372844827586207 0.05497844827586207
06 0.34125 0.9437215909090909 0.06238636363636363 0.029943181818181897
02 0.409375 0.79125 0.0662357954545455 0.02498579545454538
10 0.250625 0.5375 0.018719512195121996 0.03246951219512195
06 0.059375 0.979375 0.016232142857142855 0.03123214285714293
03 0.6312500000000001 0.108125 0.02498750000000005 0.05373750000000001
