15 0.71875 0.8049999999999999 0.027483552631578867 0.03498355263157882
09 0.33875 0.805625 0.03249161073825502 0.026241610738254928
03 0.26375 0.8200000000000001 0.022456896551724115 0.019956896551724168
14 0.139375 0.18937500000000002 0.018744444444444452 0.028744444444444434
10 0.043125 0.35624999999999996 0.033738095238095234 0.03498809523809526
07 0.7150000000000001 0.62375 0.0674929775280898 0.029992977528089826
03 0.356875 0.594375 0.02624509803921571 0.023745098039215762
03 0.478125 0.483125 0.023706896551724144 0.046206896551724164
09 0.7275 0.8943749999999999 0.032478448275862215 0.036228448275862246
08 0.22249999999999998 0.12875 0.012386363636363668 0.017386363636363644
08 0.45875 0.573125 0.05248579545454546 0.06623579545454539
