03 0.36 0.86 0.01248355263157891 0.03998355263157882
20 0.840625 0.2625 0.021241610738254924 0.014991610738255057
14 0.8918642241379311 0.14375 0.016228448275862006 0.014956896551724136
14 0.453125 0.34125 0.036244444444444524 0.012494444444444475
19 0.6681250000000001 0.48625 0.013738095238095105 0.027488095238095256
01 0.30125 0.55875 0.012492977528089866 0.009992977528089808
06 0.53 0.145625 0.014995098039215726 0.058745098039215696
03 0.690625 0.32437499999999997 0.016206896551724137 0.021206896551724086
18 0.724375 0.481875 0.011228448275862224 0.01372844827586206
14 0.266875 0.42874999999999996 0.031136363636363684 0.024886363636363595
