14 0.8106249999999999 0.8175 0.03873355263157896 0.08498355263157897
03 0.9337520973154363 0.6781250000000001 0.027495805369127435 0.03624161073825494
03 0.106875 0.713125 0.11620689655172413 0.08870689655172415
04 0.880625 0.188125 0.06874444444444427 0.03624444444444444
12 0.850625 0.9325000000000001 0.06373809523809515 0.06498809523809512
20 0.854375 0.6331249999999999 0.053742977528089764 0.04624297752808981
04 0.92875 0.23249999999999998 0.059995098039215655 0.052495098039215676
03 0.078125 0.10249999999999998 0.07370689655172413 0.05245689655172413
03 0.294375 0.47187500000000004 0.03872844827586208 0.0612284482758621
11 0.45875 0.25375 0.06238636363636363 0.059886363636363654
06 0.48187500000000005 0.45749999999999996 0.09623579545454547 0.08998579545454544
08 0.34875 0.056874999999999995 0.03496951219512201 0.07621951219512195
03 0.900625 0.6018749999999999 0.061232142857142846 0.03123214285714282
