03 0.053750000000000006 0.03312088815789474 0.05248355263157895 0.028741776315789478
03 0.46562499999999996 0.1775 0.033741610738255046 0.04749161073825506
14 0.8162499999999999 0.56125 0.0649568965517241 0.05245689655172414
15 0.21000000000000002 0.159375 0.06749444444444444 0.06874444444444444
03 0.14750000000000002 0.2675 0.03998809523809524 0.0424880952380953
20 0.489375 0.8225 0.04374297752808981 0.03749297752808989
18 0.60625 0.1925 0.02999509803921574 0.032495098039215686
02 0.921875 0.7575 0.05620689655172417 0.10995689655172414
03 0.270625 0.2125 0.07622844827586206 0.05747844827586207
10 0.15687500000000001 0.258125 0.048636363636363644 0.03113636363636363
