09 0.5625 0.16375 0.02498355263157892 0.024983552631578976
10 0.2175 0.954375 0.009991610738255052 0.011241610738254915
14 0.7324999999999999 0.308125 0.019956896551724168 0.026206896551724146
13 0.9256249999999999 0.38312500000000005 0.031244444444444297 0.056244444444444486
03 0.038125 0.8300000000000001 0.033738095238095234 0.024988095238095087
08 0.06 0.543125 0.014992977528089889 0.018742977528089844
13 0.609375 0.7625 0.02624509803921571 0.052495098039215704
08 0.894989224137931 0.735625 0.009978448275862029 0.008706896551724075
11 0.24875 0.415625 0.014978448275862088 0.018728448275862064
00 0.920625 0.42 0.02113636363636373 0.022386363636363593
20 0.475 0.675625 0.01998579545454543 0.016235795454545343
