02 0.43125 0.09125 0.0674835526315789 0.05748355263157895
15 0.8731249999999999 0.636875 0.018741610738254866 0.02624161073825504
07 0.7624892241379311 0.81375 0.02747844827586199 0.03745689655172413
09 0.81625 0.8975 0.04249444444444439 0.02499444444444432
20 0.6856249999999999 0.66875 0.031238095238095176 0.029988095238095203
20 0.276875 0.694375 0.01624297752808984 0.016242977528089786
06 0.726251225490196 0.869375 0.029997549019607828 0.03374509803921577
08 0.40812499999999996 0.320625 0.06620689655172413 0.026206896551724146
18 0.75875 0.96625 0.02747844827586221 0.029978448275862157
15 0.37 0.266875 0.05988636363636357 0.06363636363636366
03 0.055 0.6543749999999999 0.07998579545454546 0.04873579545454543
18 0.343125 0.135625 0.023719512195121972 0.02871951219512195
13 0.328125 0.691875 0.1262321428571428 0.09373214285714282
