07 0.49500411184210524 0.27 0.039991776315789485 0.084983552631579
02 0.641875 0.29312499999999997 0.03624161073825505 0.046241610738255
00 0.37687499999999996 0.78125 0.03870689655172416 0.03495689655172418
18 0.80125 0.7775 0.022494444444444373 0.02499444444444432
17 0.501875 0.788125 0.04123809523809524 0.041238095238095185
08 0.116875 0.764375 0.008742977528089876 0.036242977528089804
12 0.9412499999999999 0.56875 0.05499509803921565 0.049995098039215646
08 0.674375 0.28437500000000004 0.023706896551724088 0.06120689655172412
16 0.32 0.16812500000000002 0.03497844827586205 0.05372844827586207
05 0.4125 0.6950000000000001 0.022386363636363593 0.04238636363636383
20 0.5525 0.25 0.027485795454545547 0.019985795454545485
03 0.17875000000000002 0.37312500000000004 0.04496951219512196 0.03371951219512198
03 0.369375 0.26125 0.028732142857142817 0.027482142857142844
