06 0.385625 0.505625 0.0962335526315789 0.031233552631578954
08 0.481875 0.341875 0.04124161073825505 0.01624161073825503
03 0.563125 0.303125 0.018706896551724084 0.0362068965517241
19 0.110625 0.304375 0.04124444444444447 0.0212444444444444
09 0.323125 0.9125000000000001 0.021238095238095278 0.034988095238095096
01 0.46687500000000004 0.749375 0.02624297752808985 0.018742977528089844
03 0.185 0.3425 0.02499509803921568 0.03249509803921574
14 0.9575 0.070625 0.022456896551724115 0.04120689655172413
20 0.051250000000000004 0.7593749999999999 0.014978448275862068 0.018728448275862175
18 0.138125 0.111875 0.016136363636363615 0.01863636363636363
04 0.389375 0.7425 0.031235795454545467 0.027485795454545325
08 0.54875 0.854375 0.029969512195122006 0.028719512195122032
