15 0.835 0.4175 0.03248355263157887 0.042483552631578936
14 0.105625 0.5737479026845638 0.043741610738255055 0.02249580536912754
07 0.70875 0.405625 0.08245689655172406 0.013706896551724135
11 0.770625 0.36125 0.033744444444444355 0.03249444444444449
16 0.048125 0.27437500000000004 0.03873809523809524 0.0487380952380953
09 0.614375 0.498125 0.026242977528089906 0.023742977528089848
03 0.675 0.704375 0.024995098039215624 0.056245098039215735
13 0.9650000000000001 0.5506249999999999 0.05495689655172409 0.06120689655172418
03 0.275625 0.495625 0.011228448275862057 0.03622844827586208
18 0.44625000000000004 0.389375 0.01988636363636359 0.023636363636363622
06 0.54125 0.716875 0.05998579545454552 0.058735795454545325
