03 0.551875 0.744375 0.04873355263157886 0.02123355263157889
03 0.861875 0.221875 0.026241610738254928 0.026241610738255067
04 0.81125 0.025625000000000002 0.02745689655172412 0.02620689655172414
03 0.181875 0.9299999999999999 0.03624444444444444 0.029994444444444324
20 0.6131249999999999 0.81375 0.013738095238095327 0.014988095238095078
08 0.40375 0.083125 0.032492977528089884 0.04374297752808988
07 0.945625 0.93125 0.05874509803921568 0.04499509803921575
03 0.270625 0.503125 0.0387068965517241 0.04120689655172416
15 0.536875 0.5675 0.018728448275862064 0.03747844827586211
07 0.2125 0.3199715909090909 0.062386363636363684 0.03744318181818179
15 0.166875 0.575625 0.018735795454545456 0.016235795454545454
