14 0.33062499999999995 0.93125 0.03623355263157896 0.027483552631578867
01 0.33687500000000004 0.544375 0.018741610738255032 0.018741610738255088
05 0.65 0.156875 0.024956896551724173 0.023706896551724116
14 0.6268750000000001 0.626875 0.02124444444444451 0.03874444444444447
20 0.090625 0.7737499999999999 0.026238095238095227 0.024988095238095087
12 0.40375 0.524375 0.03749297752808989 0.05374297752808982
15 0.725625 0.441875 0.04124509803921572 0.021245098039215704
20 0.09812499999999999 0.285625 0.016206896551724123 0.016206896551724137
05 0.98875 0.12875 0.01997844827586226 0.03997844827586207
06 0.80125 0.18937500000000002 0.02738636363636371 0.021136363636363648
03 0.44062500000000004 0.6875 0.028735795454545465 0.03998579545454528
