12 0.7362500000000001 0.64125 0.029983552631578925 0.03498355263157893
03 0.813125 0.568125 0.013741610738254861 0.021241610738255035
09 0.426875 0.8275 0.0337068965517241 0.02745689655172412
04 0.77 0.15375 0.022494444444444373 0.01749444444444445
03 0.24375000000000002 0.460625 0.007488095238095266 0.05373809523809525
01 0.163125 0.410625 0.023742977528089848 0.01624297752808984
08 0.778125 0.47 0.021245098039215704 0.03749509803921569
05 0.11623922413793103 0.8175 0.03497844827586205 0.01745689655172411
05 0.48375 0.419375 0.01747844827586209 0.036228448275862024
04 0.84375 0.205625 0.02488636363636365 0.023636363636363678
