03 0.596875 0.19874999999999998 0.06623355263157882 0.06248355263157898
11 0.175625 0.5918749999999999 0.04124161073825505 0.028741610738255097
06 0.36875 0.19125 0.054956896551724144 0.10245689655172413
03 0.6543749999999999 0.23625000000000002 0.06374444444444449 0.027494444444444405
10 0.264375 0.085625 0.048738095238095275 0.031238095238095245
13 0.519375 0.29500000000000004 0.028742977528089853 0.08749297752808988
05 0.560625 0.161875 0.038745098039215664 0.0462450980392157
12 0.395 0.5037499999999999 0.09495689655172412 0.0749568965517241
06 0.9256249999999999 0.7831250000000001 0.11372844827586215 0.07622844827586228
18 0.844375 0.929375 0.028636363636363793 0.03113636363636374
