00 0.505 0.961875 0.05498355263157895 0.043733552631578854
04 0.798125 0.8999999999999999 0.0587416107382549 0.049991610738254866
18 0.5662499999999999 0.18875 0.04245689655172413 0.044956896551724135
20 0.486875 0.7893749999999999 0.053744444444444484 0.03874444444444436
06 0.785625 0.755625 0.058738095238095145 0.09373809523809506
05 0.490625 0.84375 0.07124297752808983 0.029992977528089826
11 0.5543750000000001 0.164375 0.0737450980392157 0.03874509803921569
15 0.4225 0.500625 0.0724568965517241 0.06620689655172413
06 0.896875 0.52625 0.03372844827586219 0.11247844827586206
03 0.19 0.903125 0.02238636363636365 0.07613636363636378
