03 0.054375 0.52625 0.036233552631578944 0.05498355263157895
13 0.74375 0.86375 0.11749161073825487 0.024991610738254844
05 0.221875 0.34750000000000003 0.033706896551724125 0.019956896551724113
18 0.494375 0.301875 0.018744444444444508 0.0212444444444444
09 0.12625 0.7 0.04248809523809523 0.012488095238095132
04 0.428125 0.0925 0.03374297752808986 0.017492977528089898
03 0.24812499999999998 0.7618750000000001 0.02624509803921568 0.031245098039215713
06 0.9512499999999999 0.8262499999999999 0.059956896551724204 0.029956896551724177
03 0.27437500000000004 0.2125 0.03622844827586208 0.039978448275862055
02 0.11875 0.9824999999999999 0.032386363636363644 0.02738636363636371
