19 0.584375 0.721875 0.016233552631578885 0.026233552631578894
03 0.21000000000000002 0.7462500000000001 0.019991610738255033 0.014991610738254946
05 0.6487499999999999 0.810625 0.019956896551724168 0.0387068965517241
09 0.421875 0.68625 0.036244444444444524 0.054994444444444346
15 0.10500000000000001 0.683125 0.02498809523809524 0.04373809523809513
14 0.944375 0.8087500000000001 0.0212429775280899 0.02499297752808982
18 0.644375 0.965625 0.018745098039215646 0.021245098039215704
18 0.400625 0.6950000000000001 0.016206896551724137 0.01745689655172422
03 0.41625 0.705625 0.019978448275862037 0.01622844827586223
03 0.345625 0.598125 0.04863636363636359 0.02113636363636362
03 0.943125 0.3275 0.013735795454545396 0.027485795454545492
08 0.454375 0.044375 0.028719512195121977 0.03371951219512195
