14 0.760625 0.34750000000000003 0.023733552631578947 0.042483552631578936
08 0.33375 0.10875 0.03249161073825502 0.044991610738255056
06 0.823125 0.52125 0.17620689655172406 0.0524568965517242
15 0.5418750000000001 0.6937500000000001 0.06374444444444449 0.03999444444444433
04 0.46125 0.815625 0.05248809523809528 0.04373809523809513
08 0.22375 0.73875 0.04499297752808984 0.07249297752808981
12 0.295 0.96 0.052495098039215704 0.05749509803921571
06 0.9075 0.915 0.057456896551724146 0.1274568965517241
09 0.2475 0.94 0.022478448275862067 0.049978448275862175
03 0.774375 0.9475 0.07863636363636373 0.07238636363636375
15 0.108125 0.525625 0.03373579545454547 0.06623579545454544
