14 0.20124999999999998 0.94 0.029983552631578952 0.04248355263157888
03 0.53 0.856875 0.09249161073825501 0.18624161073825485
20 0.365625 0.12937500000000002 0.0362068965517241 0.03620689655172413
09 0.235 0.10312500000000001 0.049994444444444425 0.053744444444444456
15 0.598125 0.711875 0.0462380952380953 0.028738095238095118
06 0.6837517556179775 0.505 0.049996488764044944 0.10499297752808984
03 0.224375 0.7906249999999999 0.028745098039215683 0.03374509803921566
06 0.605 0.330614224137931 0.06745689655172415 0.09622844827586208
09 0.645625 0.06812499999999999 0.04872844827586209 0.056228448275862056
09 0.9068750000000001 0.74875 0.05613636363636376 0.049886363636363784
00 0.8987499999999999 0.5743750000000001 0.044985795454545285 0.033735795454545525
20 0.835625 0.08687500000000001 0.04121951219512199 0.028719512195121935
18 0.095 0.13624999999999998 0.02748214285714287 0.029982142857142874
04 0.41812499999999997 0.6331249999999999 0.04373750000000004 0.043737500000000096
