14 0.729375 0.531875 0.033733552631578956 0.023733552631578947
06 0.035625000000000004 0.075625 0.013741610738255031 0.09374161073825503
11 0.371875 0.356875 0.03120689655172415 0.018706896551724084
15 0.345 0.764375 0.024994444444444486 0.03874444444444436
10 0.833125 0.051875000000000004 0.02623809523809517 0.028738095238095236
04 0.915 0.830625 0.02749297752808988 0.018742977528089955
03 0.67125 0.36375 0.02999509803921563 0.027495098039215682
20 0.478125 0.16 0.013706896551724135 0.01745689655172411
11 0.420625 0.989375 0.023728448275862013 0.021228448275862233
05 0.175625 0.40125 0.01613636363636367 0.03988636363636355
03 0.708125 0.854375 0.031235795454545245 0.01873579545454529
03 0.9175 0.22249999999999998 0.014969512195121992 0.07746951219512196
00 0.553125 0.8206249999999999 0.02373214285714287 0.026232142857142926
