03 0.3493791118421053 0.18312499999999998 0.028741776315789447 0.013733552631578966
20 0.7793749999999999 0.46499999999999997 0.02374161073825498 0.02499161073825501
04 0.7637499999999999 0.065 0.029956896551724177 0.03245689655172414
00 0.4625 0.45375 0.0374944444444445 0.0374944444444445
01 0.050625 0.99 0.02123809523809523 0.01498809523809519
04 0.9675 0.610625 0.032492977528089884 0.026242977528089906
00 0.6675 0.903125 0.024995098039215735 0.018745098039215757
04 0.59 0.2975 0.049956896551724084 0.022456896551724115
03 0.666875 0.27375 0.03122844827586224 0.04497844827586206
18 0.159375 0.40812499999999996 0.026136363636363652 0.028636363636363626
05 0.19437144886363636 0.888125 0.031242897727272734 0.04623579545454526
20 0.950625 0.7262500000000001 0.03121951219512198 0.03246951219512206
03 0.23562499999999997 0.313125 0.05123214285714281 0.02123214285714281
