13 0.84375 0.14500000000000002 0.052483552631579 0.09998355263157896
20 0.21437499999999998 0.5225 0.026241610738255067 0.027491610738255012
03 0.678125 0.989385775862069 0.018706896551724084 0.02122844827586201
01 0.5718749999999999 0.675625 0.02124444444444451 0.013744444444444337
03 0.964375 0.036875000000000005 0.028738095238095118 0.028738095238095236
14 0.6131249999999999 0.296875 0.0212429775280899 0.026242977528089906
12 0.09125 0.15187499999999998 0.05499509803921569 0.043745098039215696
03 0.23125 0.684375 0.027456896551724147 0.036206896551724044
10 0.44437499999999996 0.98375 0.031228448275862075 0.024978448275862153
03 0.231875 0.88625 0.03863636363636369 0.08738636363636376
14 0.09125 0.813125 0.042485795454545464 0.03873579545454531
11 0.11124999999999999 0.35125 0.03246951219512194 0.027469512195121948
01 0.27437500000000004 0.694375 0.023732142857142813 0.026232142857142815
13 0.18125 0.271875 0.10998750000000002 0.06373749999999997
