08 0.753125 0.843125 0.05373355263157886 0.06373355263157898
09 0.8925 0.8531249999999999 0.032491610738254906 0.01624161073825492
08 0.538125 0.21375 0.006206896551724128 0.01745689655172411
03 0.950625 0.8125 0.01124444444444428 0.009994444444444417
04 0.45625 0.635 0.0149880952380953 0.017488095238095247
20 0.6018749999999999 0.385 0.026242977528089795 0.022492977528089875
11 0.89375 0.645 0.024995098039215624 0.017495098039215673
18 0.27437500000000004 0.213125 0.013706896551724135 0.016206896551724137
20 0.3175 0.905 0.019978448275862037 0.01997844827586226
03 0.894375 0.87375 0.043636363636363695 0.0173863636363637
06 0.5325 0.87875 0.02498579545454549 0.04998579545454529
