01 0.04625 0.505625 0.022483552631578953 0.021233552631578945
05 0.43500209731543626 0.82 0.024995805369127544 0.032491610738254906
01 0.545625 0.651875 0.018706896551724084 0.01370689655172419
08 0.23875 0.31 0.0499944444444444 0.019994444444444426
03 0.28875 0.405 0.0149880952380953 0.024988095238095254
03 0.38625 0.48062499999999997 0.04749297752808984 0.031242977528089855
00 0.794375 0.175625 0.026245098039215597 0.023745098039215706
11 0.398125 0.518125 0.036206896551724155 0.026206896551724035
04 0.690625 0.489375 0.02372844827586229 0.021228448275862066
07 0.91 0.829375 0.019886363636363757 0.07363636363636372
