18 0.10125 0.64375 0.017483552631578927 0.019983552631578916
03 0.13374999999999998 0.656875 0.03749161073825505 0.038741610738254995
12 0.039375 0.170625 0.03370689655172414 0.043706896551724106
09 0.426875 0.37375 0.04124444444444453 0.034994444444444495
12 0.09 0.5375 0.034988095238095235 0.03998809523809532
15 0.1575 0.234375 0.01749297752808987 0.031242977528089855
19 0.110625 0.46562499999999996 0.0312450980392157 0.018745098039215702
09 0.1225 0.051250000000000004 0.01745689655172411 0.037456896551724135
07 0.605 0.25375000000000003 0.039978448275862055 0.014978448275862088
20 0.5900000000000001 0.55375 0.019886363636363646 0.014886363636363531
19 0.93625 0.258125 0.019985795454545374 0.0337357954545455
04 0.13874999999999998 0.019375 0.029969512195121936 0.026219512195121954
18 0.35062499999999996 0.506875 0.01623214285714286 0.018732142857142864
