08 0.215 0.210625 0.022483552631578974 0.056233552631578976
15 0.7175 0.51625 0.01999161073825495 0.05249161073825509
03 0.5625 0.8356250000000001 0.03495689655172418 0.026206896551724035
03 0.454375 0.428125 0.02624444444444446 0.018744444444444508
04 0.63375 0.110625 0.037488095238095265 0.033738095238095234
09 0.239375 0.41312499999999996 0.041242977528089836 0.04624297752808987
15 0.335625 0.630625 0.04374509803921567 0.011245098039215695
08 0.375 0.06625 0.00995689655172416 0.019956896551724147
09 0.5231250000000001 0.12625 0.053728448275862095 0.07997844827586205
12 0.510625 0.225 0.03863636363636358 0.042386363636363666
14 0.13 0.56 0.017485795454545483 0.022485795454545543
18 0.749375 0.506875 0.023719512195121917 0.026219512195121975
07 0.0375 0.5974999999999999 0.02998214285714286 0.10248214285714285
