13 0.83875 0.101875 0.07498355263157896 0.07123355263157893
18 0.948125 0.9568749999999999 0.016241610738254808 0.018741610738254866
13 0.565 0.813125 0.02495689655172406 0.05120689655172406
04 0.6793750000000001 0.19125 0.021244444444444288 0.02499444444444443
14 0.518125 0.438125 0.01873809523809522 0.021238095238095278
03 0.900625 0.7250000000000001 0.011242977528089781 0.02499297752808982
06 0.073125 0.419375 0.04624509803921569 0.028745098039215655
10 0.690625 0.078125 0.016206896551724137 0.016206896551724137
20 0.65375 0.095625 0.00997844827586214 0.008728448275862055
13 0.34062499999999996 0.9356249999999999 0.04113636363636364 0.07113636363636366
