02 0.065 0.6074999999999999 0.022483552631578953 0.029983552631578925
12 0.69 0.620625 0.04749161073825492 0.056241610738254955
05 0.366875 0.5081249999999999 0.026206896551724146 0.04120689655172416
08 0.101875 0.81125 0.04124444444444446 0.03249444444444438
05 0.743125 0.83375 0.03623809523809507 0.04248809523809505
08 0.08625 0.86875 0.08499297752808987 0.02749297752808988
03 0.85875 0.598125 0.06749509803921572 0.07124509803921564
03 0.971875 0.3725 0.02120689655172414 0.02745689655172412
03 0.9143749999999999 0.6018749999999999 0.0337284482758623 0.02372844827586207
13 0.04375 0.356875 0.029886363636363635 0.023636363636363567
06 0.865 0.890625 0.07998579545454532 0.11873579545454538
15 0.41125 0.17312500000000003 0.019969512195121997 0.02871951219512195
09 0.38625 0.7562500000000001 0.052482142857142866 0.0424821428571428
