10 0.155625 0.62125 0.06123355263157895 0.05498355263157895
11 0.8006249999999999 0.22999999999999998 0.056241610738254955 0.03499161073825505
03 0.94875 0.291875 0.0549568965517242 0.0387068965517241
15 0.7893749999999999 0.59625 0.051244444444444315 0.09749444444444444
03 0.090625 0.39437500000000003 0.033738095238095234 0.07623809523809527
08 0.605 0.48874999999999996 0.0624929775280898 0.09749297752808983
10 0.780625 0.669375 0.05874509803921568 0.05874509803921579
05 0.433125 0.5075 0.053706896551724115 0.044956896551724135
13 0.50875 0.33875 0.26497844827586214 0.26497844827586203
05 0.7025 0.915625 0.06238636363636374 0.04113636363636375
06 0.349375 0.355 0.15373579545454547 0.047485795454545454
02 0.28312499999999996 0.23375 0.048719512195121994 0.06246951219512198
