09 0.68625 0.0475 0.022483552631578863 0.024983552631578948
12 0.15375 0.640625 0.027491610738255068 0.038741610738254995
06 0.36124999999999996 0.6387499999999999 0.024956896551724117 0.03495689655172407
11 0.1175 0.52125 0.019994444444444467 0.019994444444444426
13 0.178125 0.329375 0.056238095238095254 0.013738095238095271
03 0.15375 0.15875 0.019992977528089872 0.01749297752808987
01 0.4425 0.26625 0.017495098039215673 0.012495098039215669
06 0.9143857758620689 0.2175 0.04872844827586209 0.032456896551724124
03 0.945625 0.546875 0.0437284482758622 0.06372844827586199
00 0.7 0.34125 0.0173863636363637 0.012386363636363584
