03 0.718125 0.913125 0.026233552631578894 0.04623355263157891
03 0.956875 0.42000000000000004 0.011241610738254915 0.03249161073825507
06 0.93875 0.46187500000000004 0.0699568965517241 0.028706896551724148
08 0.5925 0.856875 0.0424944444444445 0.026244444444444404
10 0.6656249999999999 0.408125 0.023738095238095114 0.021238095238095278
00 0.675 0.770625 0.027492977528089768 0.028742977528089853
00 0.9175 0.02875 0.032495098039215686 0.02749509803921569
03 0.47875 0.396875 0.032456896551724124 0.041206896551724104
13 0.368125 0.430625 0.028728448275862073 0.028728448275862073
06 0.546875 0.379375 0.013636363636363669 0.04113636363636358
13 0.351875 0.48062499999999997 0.04873579545454543 0.05873579545454549
00 0.563125 0.395625 0.03871951219512204 0.023719512195121972
17 0.46125 0.25 0.029982142857142846 0.037482142857142825
12 0.059375 0.38187499999999996 0.03873750000000001 0.04373750000000004
