20 0.96875 0.9125 0.03998355263157882 0.03498355263157893
12 0.410625 0.161875 0.08624161073825504 0.05624161073825504
13 0.3125 0.895625 0.10495689655172413 0.03120689655172404
19 0.195 0.196875 0.029994444444444435 0.04624444444444442
14 0.9181250000000001 0.89625 0.04373809523809513 0.04748809523809516
06 0.9568749999999999 0.238125 0.043742977528089866 0.031242977528089855
04 0.840625 0.330625 0.04374509803921567 0.038745098039215664
08 0.825625 0.21375 0.09870689655172404 0.034956896551724126
09 0.77875 0.715625 0.06997844827586219 0.046228448275862255
08 0.44 0.49187499999999995 0.03488636363636355 0.05863636363636354
14 0.875 0.045625 0.06748579545454536 0.04123579545454545
15 0.135 0.615 0.05246951219512197 0.03246951219512195
06 0.259375 0.825 0.09873214285714285 0.09498214285714279
06 0.31437499999999996 0.51 0.08123750000000002 0.12248750000000008
