04 0.36375 0.368125 0.02998355263157887 0.02123355263157889
08 0.9725 0.396875 0.042491610738254915 0.02874161073825504
08 0.79 0.09562499999999999 0.014956896551724164 0.02370689655172413
20 0.4775 0.8775 0.022494444444444484 0.019994444444444315
03 0.395625 0.801875 0.018738095238095276 0.01873809523809511
08 0.805625 0.5387500000000001 0.03374297752808986 0.012492977528089866
03 0.22062500000000002 0.8375 0.011245098039215667 0.034995098039215744
11 0.2225 0.6925 0.024956896551724117 0.01745689655172411
20 0.860625 0.14625 0.01622844827586223 0.017478448275862063
13 0.054375 0.420625 0.06613636363636363 0.04113636363636358
14 0.9475 0.9768749999999999 0.03248579545454533 0.0337357954545453
14 0.1275 0.33625 0.022469512195121943 0.029969512195122006
03 0.141875 0.6643749999999999 0.021232142857142866 0.018732142857142864
