10 0.15937500000000002 0.32875 0.023733552631578947 0.022483552631578974
03 0.6612499999999999 0.6275 0.03749161073825491 0.059991610738254986
13 0.70875 0.735625 0.14995689655172417 0.13870689655172408
20 0.380625 0.085625 0.026244444444444515 0.021244444444444455
04 0.273125 0.97875 0.02873809523809523 0.019988095238095083
08 0.8143750000000001 0.19374999999999998 0.026242977528089795 0.017492977528089843
06 0.48250000000000004 0.516875 0.019995098039215675 0.09374509803921571
07 0.5237392241379311 0.6975 0.024978448275862042 0.07495689655172422
02 0.6025 0.535625 0.047478448275862006 0.03872844827586208
15 0.496875 0.65875 0.018636363636363673 0.022386363636363815
18 0.042499999999999996 0.44875 0.017485795454545455 0.019985795454545485
