03 0.385625 0.37 0.016233552631578885 0.019983552631578916
06 0.5662520973154361 0.14125 0.05999580536912752 0.08499161073825504
06 0.39437500000000003 0.2425 0.00870689655172413 0.06745689655172413
06 0.62625 0.724375 0.039994444444444444 0.02874444444444435
09 0.7806249999999999 0.42562500000000003 0.03373809523809512 0.03123809523809523
05 0.17125 0.35750000000000004 0.03749297752808986 0.04749297752808984
03 0.325625 0.806875 0.02374509803921565 0.028745098039215655
03 0.085625 0.855 0.031206896551724136 0.024956896551724173
04 0.574375 0.60375 0.03122844827586202 0.024978448275862153
01 0.515625 0.9612499999999999 0.03363636363636363 0.024886363636363762
02 0.48812500000000003 0.8374999999999999 0.02373579545454546 0.05248579545454535
