03 0.286875 0.505 0.021233552631579 0.02998355263157887
14 0.6525 0.76875 0.032491610738254906 0.01999161073825484
03 0.7325 0.605625 0.04745689655172414 0.05870689655172412
04 0.309375 0.933125 0.033744444444444466 0.02874444444444435
13 0.836875 0.71375 0.06373809523809515 0.09998809523809515
16 0.084375 0.186875 0.04124297752808988 0.038742977528089834
05 0.915625 0.30125 0.018745098039215646 0.042495098039215695
01 0.155 0.351875 0.022456896551724115 0.02120689655172414
03 0.9356196120689655 0.71375 0.01373922413793116 0.03497844827586216
06 0.639375 0.150625 0.02113636363636373 0.023636363636363678
14 0.265 0.58875 0.03498579545454544 0.019985795454545485
02 0.220625 0.603125 0.03371951219512198 0.033719512195121926
08 0.26875446428571426 0.460625 0.03499107142857144 0.04123214285714283
18 0.868125 0.37875000000000003 0.02123750000000002 0.02248750000000005
