07 0.653125 0.565625 0.026233552631578894 0.061233552631578925
18 0.02375 0.4075 0.01749161073825503 0.019991610738255006
06 0.9375 0.020624999999999998 0.08745689655172417 0.023706896551724137
18 0.5487500000000001 0.92875 0.019994444444444537 0.022494444444444373
09 0.17875000000000002 0.7050000000000001 0.017488095238095275 0.03248809523809515
06 0.583125 0.09812499999999999 0.05874297752808988 0.06624297752808987
04 0.5506249999999999 0.775625 0.02374509803921565 0.021245098039215704
03 0.26937500000000003 0.87 0.01620689655172408 0.07495689655172422
19 0.71 0.8475 0.014978448275862255 0.032478448275862215
03 0.7575000000000001 0.25625 0.03738636363636372 0.03238636363636366
09 0.899375 0.7893714488636363 0.031235795454545356 0.03624289772727263
