06 0.8775041118421052 0.754375 0.004991776315789509 0.04623355263157891
08 0.619375 0.283125 0.023741610738255092 0.011241610738255026
12 0.635 0.2 0.024956896551724173 0.024956896551724145
03 0.92875 0.8475 0.017494444444444368 0.01499444444444431
02 0.63625 0.39875 0.019988095238095194 0.012488095238095243
03 0.238125 0.41000000000000003 0.01624297752808984 0.03749297752808983
20 0.7175 0.551875 0.009995098039215722 0.008745098039215637
04 0.819375 0.3325 0.02120689655172414 0.01745689655172411
18 0.5743750000000001 0.5956250000000001 0.01372844827586206 0.016228448275862006
03 0.9550000000000001 0.8025 0.0173863636363637 0.02738636363636382
20 0.7075 0.5549999999999999 0.017485795454545316 0.019985795454545374
11 0.7106250000000001 0.890625 0.018719512195121912 0.013719512195121908
03 0.576875 0.17375000000000002 0.011232142857142802 0.024982142857142814
