08 0.5762499999999999 0.365625 0.019983552631578916 0.031233552631578898
20 0.14125 0.22999999999999998 0.029991610738255042 0.019991610738255033
02 0.3775 0.356875 0.01745689655172411 0.036206896551724155
08 0.6325 0.808125 0.039994444444444444 0.023744444444444346
04 0.9481250000000001 0.9312499999999999 0.03373809523809512 0.03248809523809515
04 0.36124999999999996 0.43125 0.027492977528089824 0.024992977528089877
03 0.63625 0.7406250000000001 0.01999509803921562 0.031245098039215713
06 0.13624999999999998 0.8475 0.052456896551724114 0.05995689655172409
03 0.568125 0.909375 0.011228448275862002 0.028728448275862184
06 0.55375 0.705625 0.027386363636363598 0.016136363636363726
00 0.473125 0.33687500000000004 0.02123579545454546 0.018735795454545456
20 0.49625 0.36624999999999996 0.024969512195122 0.024969512195121946
03 0.5037499999999999 0.045625 0.019982142857142837 0.04623214285714286
