20 0.944375 0.1 0.031233552631578898 0.02998355263157894
05 0.971875 0.6643749999999999 0.03124161073825482 0.018741610738254866
01 0.674375 0.4925 0.02120689655172414 0.014956896551724164
06 0.69375 0.703125 0.0524944444444444 0.08874444444444429
08 0.6599999999999999 0.79 0.03998809523809532 0.02248809523809514
15 0.514375 0.106875 0.01374297752808984 0.03624297752808989
13 0.20750000000000002 0.89125 0.0724950980392157 0.1349950980392156
20 0.585 0.391875 0.029956896551724177 0.023706896551724144
06 0.6425000000000001 0.594375 0.0849784482758621 0.016228448275862117
20 0.9825 0.655 0.019886363636363757 0.0173863636363637
14 0.3075 0.745625 0.04248579545454545 0.026235795454545352
20 0.71375 0.11624999999999999 0.019969512195121997 0.01496951219512195
