14 0.219375 0.29000000000000004 0.01873355263157897 0.042483552631578936
18 0.08125 0.8049999999999999 0.01749161073825503 0.01999161073825484
18 0.7112499999999999 0.7887500000000001 0.014956896551724053 0.01745689655172422
08 0.820626388888889 0.14375 0.04624722222222222 0.012494444444444447
06 0.0625 0.3675 0.03998809523809524 0.08998809523809526
14 0.8456250000000001 0.673125 0.04624297752808981 0.0212429775280899
15 0.70625 0.7637499999999999 0.017495098039215673 0.009995098039215722
03 0.29312499999999997 0.42562500000000003 0.021206896551724086 0.02620689655172409
03 0.7987500000000001 0.854375 0.024978448275862264 0.04122844827586225
18 0.05625 0.89625 0.01738636363636363 0.019886363636363757
