10 0.890625 0.021875 0.023733552631578947 0.021233552631578945
03 0.754375 0.739375 0.046241610738254835 0.028741610738254986
05 0.153125 0.705625 0.026206896551724118 0.036206896551724044
08 0.849375 0.7925 0.04124444444444442 0.037494444444444386
03 0.821875 0.20375 0.041238095238095074 0.047488095238095246
06 0.72125 0.175625 0.06249297752808991 0.04874297752808987
08 0.694375 0.535625 0.02624509803921571 0.038745098039215664
08 0.739375 0.401875 0.0237068965517242 0.04870689655172411
06 0.9625 0.36624999999999996 0.012478448275862197 0.04247844827586206
14 0.4775 0.61875 0.022386363636363593 0.01738636363636359
03 0.6299999999999999 0.358125 0.029985795454545383 0.05123579545454543
07 0.3131173780487805 0.0325 0.16623475609756097 0.032469512195121945
10 0.83875 0.7462500000000001 0.0374821428571428 0.029982142857142846
