03 0.926875 0.38 0.021233552631579 0.009983552631578907
03 0.665625 0.211875 0.021241610738254924 0.033741610738255046
04 0.38125 0.92625 0.032456896551724124 0.032456896551724124
08 0.62625 0.49687499999999996 0.03249444444444438 0.02624444444444446
20 0.453125 0.30625 0.02873809523809523 0.01998809523809525
03 0.176875 0.6856249999999999 0.07374297752808986 0.0887429775280898
06 0.43000000000000005 0.785625 0.10249509803921569 0.011245098039215695
20 0.421875 0.72125 0.016206896551724137 0.01745689655172422
03 0.915625 0.541875 0.053728448275862206 0.033728448275861966
03 0.029999999999999995 0.23125 0.03238636363636363 0.04738636363636364
