13 0.5631250000000001 0.301875 0.02123355263157889 0.11123355263157891
03 0.593125 0.34375 0.013741610738255083 0.042491610738255026
20 0.07125 0.86625 0.01995689655172414 0.022456896551724115
03 0.5531250000000001 0.2893736111111111 0.03124444444444452 0.031247222222222204
03 0.58375 0.16875 0.017488095238095358 0.03498809523809526
09 0.203125 0.579375 0.01374297752808984 0.05624297752808982
03 0.09499877450980393 0.7068749999999999 0.02749754901960784 0.031245098039215713
17 0.43062500000000004 0.615 0.04620689655172411 0.05245689655172414
02 0.9181250000000001 0.15875 0.03872844827586219 0.062478448275862075
09 0.564375 0.369375 0.026136363636363624 0.03113636363636363
14 0.5775 0.5918749999999999 0.019985795454545485 0.03623579545454547
18 0.48062499999999997 0.548125 0.023719512195121972 0.026219512195121975
