03 0.5487500000000001 0.44875 0.022483552631578863 0.034983552631578874
06 0.875 0.58 0.0374916107382548 0.194991610738255
19 0.029375000000000002 0.625 0.02870689655172414 0.05995689655172409
03 0.705625 0.469375 0.023744444444444457 0.05124444444444448
08 0.913125 0.790625 0.023738095238095114 0.02623809523809517
10 0.619375 0.774375 0.036242977528089915 0.028742977528089853
01 0.888125 0.899375 0.03374509803921566 0.021245098039215704
08 0.12875 0.62 0.06995689655172412 0.10745689655172419
13 0.344375 0.8456250000000001 0.11372844827586204 0.05122844827586215
03 0.35187499999999994 0.1275 0.1386363636363636 0.054886363636363636
00 0.15125 0.5431250000000001 0.06498579545454547 0.05623579545454549
