03 0.540625 0.214375 0.05623355263157892 0.053733552631578974
07 0.50875 0.405625 0.029991610738255015 0.07374161073825503
14 0.6131249999999999 0.6012500000000001 0.0337068965517241 0.06995689655172421
19 0.9175 0.849375 0.04499444444444434 0.031244444444444408
03 0.056875 0.6375 0.07623809523809524 0.05748809523809517
09 0.163125 0.10437500000000001 0.041242977528089864 0.043742977528089894
08 0.561875 0.876875 0.05874509803921568 0.02624509803921571
05 0.423125 0.950625 0.048706896551724166 0.03870689655172421
03 0.045625000000000006 0.15437499999999998 0.06622844827586208 0.05622844827586207
03 0.17062500000000003 0.531875 0.03363636363636366 0.04613636363636364
00 0.08687500000000001 0.9493750000000001 0.03873579545454546 0.041235795454545365
