12 0.745 0.9575 0.03498355263157893 0.029983552631578925
13 0.7424999999999999 0.21812290268456377 0.05749161073825493 0.036245805369127526
00 0.7224999999999999 0.5606249999999999 0.019956896551724168 0.02120689655172414
06 0.6593749999999999 0.113125 0.051244444444444426 0.06624444444444445
08 0.354375 0.41625 0.03623809523809529 0.03248809523809526
03 0.285625 0.469375 0.05374297752808982 0.021242977528089846
09 0.96625 0.358125 0.03499509803921563 0.041245098039215666
03 0.313125 0.623125 0.028706896551724148 0.016206896551724137
10 0.355 0.8400000000000001 0.019978448275862093 0.014978448275862255
08 0.72 0.240625 0.03238636363636371 0.04113636363636369
08 0.4425 0.351875 0.02498579545454549 0.031235795454545467
02 0.094375 0.955625 0.05121951219512194 0.02121951219512208
03 0.865 0.536875 0.029982142857142846 0.02373214285714287
