03 0.10062499999999999 0.43562500000000004 0.06373355263157893 0.02373355263157889
03 0.246875 0.6399999999999999 0.053741610738255036 0.03249161073825502
14 0.5425 0.50375 0.04495689655172419 0.027456896551724175
18 0.466875 0.08687500000000001 0.026244444444444515 0.028744444444444447
03 0.06 0.309375 0.03248809523809523 0.03623809523809529
10 0.7637499999999999 0.9706250000000001 0.032492977528089884 0.026242977528089795
10 0.5231250000000001 0.26625 0.038745098039215775 0.034995098039215716
04 0.048125 0.31375 0.03620689655172415 0.02245689655172417
15 0.47562499999999996 0.886875 0.058728448275862044 0.03122844827586224
03 0.10875 0.701875 0.04488636363636364 0.01363636363636378
10 0.819375 0.530625 0.0287357954545453 0.031235795454545467
