04 0.28500000000000003 0.10125 0.03748355263157893 0.03248355263157894
10 0.535625 0.059375 0.023741610738255092 0.018741610738255025
02 0.27498922413793103 0.47875 0.03747844827586211 0.03995689655172413
06 0.7737499999999999 0.62 0.02499444444444443 0.10249444444444444
15 0.93625 0.128125 0.02248809523809514 0.06373809523809523
20 0.155 0.5406249999999999 0.014992977528089868 0.01374297752808984
09 0.054375 0.970625 0.028745098039215697 0.02624509803921571
14 0.42375 0.29312499999999997 0.02745689655172412 0.04620689655172411
03 0.663125 0.9425 0.03122844827586224 0.032478448275862215
04 0.35875 0.5956250000000001 0.037386363636363606 0.03113636363636363
06 0.08437855113636364 0.520625 0.06124289772727273 0.09373579545454547
20 0.713125 0.05 0.02121951219512197 0.019969512195121948
