03 0.318125 0.39625 0.031233552631578954 0.039983552631578934
19 0.370625 0.885 0.033741610738255046 0.024991610738254844
05 0.768125 0.33999999999999997 0.043706896551724106 0.034956896551724126
12 0.2875 0.099375 0.04749444444444445 0.051244444444444454
20 0.14250000000000002 0.14 0.03248809523809523 0.024988095238095226
08 0.55625 0.042499999999999996 0.039992977528089835 0.042492977528089886
19 0.6175 0.29937499999999995 0.027495098039215682 0.06624509803921569
10 0.764375 0.8787499999999999 0.028706896551724093 0.029956896551724177
03 0.801875 0.78 0.0437284482758622 0.022478448275862206
06 0.838125 0.566846590909091 0.05613636363636365 0.09369318181818176
01 0.7818750000000001 0.9450000000000001 0.04373579545454531 0.034985795454545277
