03 0.9299999999999999 0.019375000000000003 0.027483552631578978 0.01873355263157895
14 0.8 0.3125 0.032491610738254906 0.017491610738255003
15 0.450625 0.453125 0.01370689655172408 0.028706896551724093
20 0.49 0.2975 0.009994444444444528 0.009994444444444417
18 0.985 0.95125 0.01498809523809519 0.017488095238095136
03 0.631875 0.505 0.0212429775280899 0.009992977528089808
00 0.213125 0.6074999999999999 0.018745098039215674 0.012495098039215669
06 0.666875 0.440625 0.028706896551724093 0.036206896551724155
05 0.5831249999999999 0.323125 0.01372844827586206 0.02622844827586207
08 0.614375 0.545625 0.008636363636363553 0.018636363636363562
09 0.80875 0.19124999999999998 0.01498579545454537 0.027485795454545464
20 0.13625 0.41375 0.01996951219512194 0.014969512195121992
08 0.233125 0.504375 0.03123214285714282 0.01623214285714286
