01 0.033125 0.13874999999999998 0.018733552631578953 0.024983552631578948
18 0.32875 0.25125 0.012491610738255055 0.014991610738255029
18 0.39625 0.6925 0.014956896551724164 0.01745689655172411
14 0.720625 0.25875000000000004 0.023744444444444346 0.042494444444444446
01 0.9075 0.93875 0.017488095238095136 0.019988095238095083
01 0.47875 0.6775 0.012492977528089866 0.009992977528089808
08 0.88375 0.12374877450980393 0.012495098039215669 0.032497549019607844
04 0.10875 0.5643750000000001 0.02995689655172412 0.028706896551724204
13 0.74875 0.30562500000000004 0.02747844827586221 0.0562284482758621
08 0.08375 0.06375 0.007386363636363635 0.039886363636363636
03 0.6656249999999999 0.979375 0.023735795454545294 0.023735795454545405
05 0.143125 0.14625 0.021219512195121942 0.027469512195121948
13 0.640625 0.8125 0.03123214285714293 0.07248214285714294
18 0.5106250000000001 0.229375 0.016237500000000016 0.018737500000000018
