08 0.36250000000000004 0.340625 0.05498355263157889 0.031233552631578898
20 0.671875 0.733125 0.018741610738254977 0.021241610738254924
14 0.24 0.666875 0.02995689655172415 0.03370689655172421
07 0.5900000000000001 0.14875 0.019994444444444537 0.12499444444444445
13 0.6681249999999999 0.885625 0.2487380952380952 0.05373809523809503
02 0.370625 0.49187500000000006 0.03874297752808986 0.06124297752808988
11 0.035625000000000004 0.836875 0.04374509803921569 0.03624509803921572
10 0.831875 0.255625 0.028706896551724093 0.021206896551724114
01 0.07375 0.16875 0.04497844827586206 0.04497844827586206
14 0.275 0.549375 0.052386363636363675 0.04113636363636364
12 0.05375 0.1375 0.042485795454545464 0.04748579545454547
15 0.5725 0.5625 0.10246951219512201 0.04746951219512208
