00 0.23750000000000002 0.045 0.03998355263157899 0.03998355263157895
03 0.8625 0.48624999999999996 0.017491610738254892 0.03499161073825502
07 0.61625 0.108125 0.01745689655172411 0.04370689655172412
18 0.309375 0.53 0.013744444444444448 0.01749444444444448
13 0.38625 0.9412499999999999 0.05248809523809528 0.07498809523809513
04 0.26187499999999997 0.6425000000000001 0.038742977528089834 0.03749297752808978
00 0.555625 0.14 0.028745098039215655 0.02749509803921571
12 0.11124999999999999 0.09562499999999999 0.039956896551724116 0.041206896551724145
14 0.859375 0.113125 0.06122844827586227 0.03872844827586208
15 0.5475 0.78 0.057386363636363624 0.039886363636363775
01 0.811875 0.4175 0.031235795454545245 0.027485795454545492
09 0.476875 0.44999999999999996 0.04121951219512199 0.06496951219512198
06 0.506875 0.424375 0.1312321428571428 0.011232142857142802
