03 0.94375 0.2225 0.017483552631578858 0.02998355263157898
04 0.22 0.7068749999999999 0.024991610738255066 0.01624161073825492
03 0.940625 0.88375 0.02120689655172414 0.019956896551724168
08 0.798125 0.7793749999999999 0.016244444444444395 0.03874444444444436
03 0.843125 0.0775 0.0087380952380951 0.024988095238095226
05 0.5306249999999999 0.299375 0.023742977528089848 0.016242977528089897
11 0.59875 0.73875 0.02249509803921579 0.027495098039215682
13 0.836875 0.2075 0.06620689655172407 0.032456896551724124
14 0.47375 0.445625 0.03747844827586211 0.018728448275862064
03 0.17375000000000002 0.39 0.06488636363636366 0.01988636363636359
03 0.265 0.84 0.02498579545454549 0.027485795454545325
06 0.428125 0.10375000000000001 0.07121951219512196 0.01496951219512195
02 0.315625 0.975625 0.01373214285714286 0.026232142857142815
