16 0.10875000000000001 0.55625 0.03998355263157895 0.037483552631578876
15 0.5 0.59875 0.024991610738255066 0.07499161073825511
13 0.268125 0.19124999999999998 0.04120689655172416 0.06995689655172413
02 0.593125 0.641875 0.03374444444444458 0.05374444444444437
03 0.166875 0.835 0.03373809523809526 0.07248809523809518
04 0.9425 0.68875 0.03249297752808977 0.02499297752808982
13 0.8062499999999999 0.1575 0.07249509803921572 0.052495098039215704
13 0.60125 0.14 0.04745689655172414 0.05995689655172412
04 0.73375 0.245 0.024978448275862153 0.042478448275862085
03 0.023125 0.846875 0.021136363636363634 0.0336363636363638
10 0.5037499999999999 0.919375 0.027485795454545436 0.016235795454545232
