03 0.28125 0.865 0.03248355263157898 0.057483552631578894
15 0.179375 0.7637499999999999 0.023741610738255037 0.03999161073825486
15 0.0475 0.32625 0.032456896551724145 0.022456896551724115
03 0.5549999999999999 0.14875 0.03249444444444449 0.03749444444444444
13 0.238125 0.745625 0.09123809523809528 0.05123809523809508
07 0.349375 0.94 0.031242977528089855 0.08249297752808993
13 0.796875 0.24874999999999997 0.056245098039215735 0.062495098039215685
03 0.16875 0.7024999999999999 0.03745689655172413 0.032456896551724124
14 0.24812499999999998 0.361875 0.04872844827586206 0.036228448275862024
15 0.500625 0.8575 0.04863636363636359 0.029886363636363766
