03 0.07937499999999999 0.760625 0.05873355263157894 0.061233552631578814
14 0.395 0.6056250000000001 0.04749161073825503 0.038741610738255106
08 0.201875 0.578125 0.05620689655172412 0.03370689655172421
08 0.90125 0.06499861111111112 0.08499444444444437 0.057497222222222234
03 0.083125 0.5949970238095238 0.051238095238095235 0.02999404761904767
03 0.796875 0.721875 0.053742977528089764 0.03874297752808986
08 0.15875 0.79625 0.027495098039215682 0.09249509803921563
00 0.8600000000000001 0.8725 0.05245689655172414 0.03495689655172407
05 0.201875 0.7525 0.028728448275862073 0.06247844827586213
18 0.52125 0.106875 0.029886363636363544 0.03363636363636363
18 0.7987500000000001 0.12062500000000001 0.03248579545454533 0.036235795454545486
03 0.304375 0.21125 0.05871951219512195 0.057469512195121975
03 0.38875000000000004 0.735625 0.05498214285714281 0.018732142857142864
13 0.693125 0.7 0.09373750000000003 0.07748750000000004
