14 0.551875 0.903125 0.02873355263157884 0.02123355263157889
03 0.205625 0.675625 0.018741610738255032 0.021241610738254924
11 0.07125 0.986875 0.01995689655172414 0.01370689655172408
14 0.47375 0.959375 0.022494444444444484 0.023744444444444346
06 0.13374999999999998 0.8531249999999999 0.034988095238095235 0.013738095238095105
07 0.4325 0.44625000000000004 0.007492977528089861 0.03249297752808983
18 0.5700000000000001 0.380625 0.007495098039215775 0.011245098039215695
09 0.43625 0.41625 0.02245689655172417 0.01745689655172411
08 0.6793750000000001 0.576875 0.013728448275862282 0.03872844827586208
09 0.30562500000000004 0.64625 0.011136363636363666 0.022386363636363593
00 0.893125 0.735625 0.016235795454545232 0.013735795454545285
18 0.875625 0.050625 0.011219512195121961 0.013719512195121943
14 0.753125 0.15875 0.018732142857142864 0.019982142857142865
04 0.531875 0.734375 0.018737500000000074 0.016237499999999905
