13 0.01625 0.676875 0.027483552631578947 0.043733552631578965
06 0.59875 0.653125 0.034991610738255075 0.08374161073825492
20 0.705625 0.72125 0.01370689655172408 0.012456896551724106
03 0.135625 0.299375 0.023744444444444457 0.04874444444444448
06 0.79 0.29125 0.07998809523809514 0.06998809523809524
04 0.296875 0.96875 0.026242977528089906 0.022492977528089764
13 0.925 0.44125000000000003 0.06499509803921566 0.0449950980392157
20 0.226875 0.813125 0.01870689655172414 0.016206896551724137
07 0.7 0.774375 0.022478448275862206 0.04122844827586214
14 0.7944034090909091 0.850625 0.016193181818181857 0.028636363636363682
08 0.848125 0.735625 0.0337357954545453 0.016235795454545343
10 0.32562500000000005 0.1075 0.028719512195121977 0.024969512195121946
