03 0.681875 0.784375 0.023733552631578947 0.031233552631578898
00 0.44125000000000003 0.34625 0.029991610738255015 0.024991610738255066
09 0.43562500000000004 0.766875 0.013706896551724135 0.023706896551724088
14 0.8 0.65625 0.027494444444444377 0.027494444444444266
03 0.29375 0.6224999999999999 0.07498809523809524 0.06748809523809518
20 0.628125 0.180625 0.023742977528089848 0.021242977528089846
03 0.206875 0.78375 0.013745098039215697 0.03499509803921563
07 0.198125 0.734375 0.023706896551724144 0.026206896551724146
15 0.084375 0.09562499999999999 0.023728448275862055 0.03122844827586206
08 0.254375 0.669375 0.013636363636363696 0.016136363636363726
00 0.334375 0.165625 0.02123579545454546 0.013735795454545452
02 0.6925 0.655625 0.012469512195121935 0.03121951219512198
01 0.981875 0.823125 0.018732142857142864 0.02123214285714292
