02 0.896875 0.746875 0.07873355263157888 0.0362335526315789
13 0.201875 0.7949999999999999 0.05874161073825507 0.0274916107382549
03 0.643125 0.9693750000000001 0.023706896551724088 0.03120689655172415
06 0.29312499999999997 0.625625 0.008744444444444388 0.06374444444444438
03 0.9025 0.854375 0.027488095238095145 0.021238095238095056
08 0.600625 0.233125 0.03124297752808991 0.018742977528089844
03 0.23312500000000003 0.179375 0.053745098039215705 0.03624509803921569
02 0.054375 0.429375 0.01620689655172415 0.023706896551724088
04 0.53 0.756875 0.03497844827586205 0.028728448275862184
15 0.41312499999999996 0.666875 0.018636363636363618 0.033636363636363686
03 0.941875 0.8075 0.05373579545454532 0.044985795454545396
07 0.22375 0.135625 0.027469512195121976 0.10371951219512196
03 0.311875 0.963125 0.036232142857142824 0.02373214285714287
08 0.104375 0.9143749999999999 0.028737500000000013 0.031237499999999918
