14 0.81875 0.38875000000000004 0.017483552631578858 0.04498355263157888
04 0.211875 0.176875 0.031241610738255043 0.031241610738255043
06 0.5975 0.45436422413793104 0.09995689655172413 0.05122844827586204
10 0.078125 0.12375 0.028744444444444447 0.014994444444444463
03 0.951875 0.82125 0.021238095238095167 0.027488095238095145
19 0.54375 0.21250000000000002 0.039992977528089835 0.02499297752808985
10 0.7793749999999999 0.15125 0.031245098039215713 0.019995098039215675
10 0.16375 0.76375 0.02745689655172412 0.02745689655172412
03 0.753125 0.22125 0.03872844827586219 0.027478448275862044
06 0.6475 0.394375 0.05988636363636368 0.05363636363636359
03 0.29500000000000004 0.16749999999999998 0.032485795454545496 0.019985795454545457
