13 0.39625 0.08562499999999999 0.03248355263157887 0.10373355263157893
10 0.24687499999999998 0.8356250000000001 0.018741610738255032 0.01624161073825492
10 0.12 0.515625 0.022456896551724115 0.02120689655172403
01 0.434375 0.7406250000000001 0.026244444444444515 0.01874444444444434
06 0.88 0.9706220238095238 0.07998809523809514 0.021244047619047635
18 0.9025000000000001 0.794375 0.014992977528089813 0.018742977528089955
05 0.29312499999999997 0.031875 0.031245098039215657 0.02624509803921569
03 0.6856249999999999 0.669375 0.018706896551724195 0.026206896551724035
08 0.61 0.03375 0.03247844827586199 0.01747844827586207
13 0.755 0.6975 0.03488636363636366 0.02488636363636365
03 0.7925 0.279375 0.009985795454545254 0.016235795454545454
07 0.241875 0.395 0.026219512195121975 0.07246951219512199
08 0.095625 0.46499999999999997 0.01623214285714286 0.04248214285714286
