03 0.089375 0.23312500000000003 0.011233552631578936 0.021233552631578972
20 0.120625 0.423125 0.011241610738255053 0.011241610738255081
15 0.7037500000000001 0.458125 0.012456896551724106 0.04120689655172416
03 0.4768763888888889 0.265 0.013747222222222244 0.03249444444444441
00 0.31875 0.75125 0.024988095238095254 0.017488095238095136
03 0.2800017556179776 0.370625 0.0599964887640449 0.01624297752808984
20 0.21437499999999998 0.8375 0.028745098039215683 0.024995098039215735
08 0.05 0.7893749999999999 0.01245689655172414 0.04120689655172416
08 0.8431249999999999 0.58625 0.03872844827586219 0.039978448275862055
18 0.21000000000000002 0.28125 0.017386363636363672 0.019886363636363646
03 0.29500000000000004 0.824375 0.027485795454545492 0.0287357954545453
03 0.744375 0.618125 0.026219512195121975 0.016219512195121966
11 0.93875 0.38687499999999997 0.02498214285714284 0.01623214285714286
