04 0.428125 0.55 0.018733552631578887 0.014983552631578911
02 0.038125 0.753125 0.03374161073825503 0.011241610738254915
15 0.620625 0.49624999999999997 0.008706896551724075 0.012456896551724161
03 0.41937500000000005 0.54 0.008744444444444499 0.022494444444444484
00 0.875 0.6437499999999999 0.019988095238095083 0.012488095238095243
14 0.373125 0.475 0.01374297752808984 0.014992977528089868
03 0.586875 0.259375 0.013745098039215642 0.026245098039215653
03 0.611885775862069 0.0725 0.01372844827586206 0.029956896551724142
09 0.28 0.969375 0.017478448275862035 0.02372844827586218
07 0.023749999999999997 0.72 0.03238636363636363 0.03488636363636377
