12 0.7381249999999999 0.388125 0.02123355263157889 0.023733552631578947
10 0.468125 0.58125 0.018741610738255032 0.017491610738255114
10 0.155 0.494375 0.01745689655172411 0.01370689655172419
14 0.815625 0.12625 0.033744444444444355 0.04249444444444446
02 0.4225 0.388125 0.014988095238095245 0.01873809523809522
07 0.35750000000000004 0.55125 0.05749297752808985 0.10249297752808983
09 0.779375 0.638125 0.0162450980392157 0.01624509803921559
12 0.908125 0.32437499999999997 0.026206896551724146 0.03370689655172415
10 0.135625 0.02375 0.02372844827586207 0.022478448275862067
07 0.074375 0.84125 0.008636363636363636 0.02738636363636371
03 0.9043749999999999 0.16499999999999998 0.013735795454545285 0.024985795454545462
20 0.7518750000000001 0.665625 0.018719512195121912 0.02121951219512197
06 0.8787499999999999 0.0475 0.019982142857142837 0.014982142857142847
10 0.923125 0.750625 0.023737499999999967 0.023737499999999967
