01 0.225 0.043125000000000004 0.024983552631578976 0.016233552631578954
14 0.560625 0.3575 0.02624161073825504 0.052491610738255035
03 0.29500000000000004 0.98 0.024956896551724117 0.02745689655172412
14 0.45875 0.30874999999999997 0.05249444444444451 0.06749444444444447
05 0.055625 0.4225 0.02373809523809524 0.04498809523809527
15 0.774375 0.4475 0.03124297752808991 0.022492977528089875
07 0.27249999999999996 0.04687500000000001 0.09249509803921568 0.0737450980392157
14 0.559375 0.934375 0.04620689655172405 0.07870689655172414
03 0.944375 0.074375 0.028728448275862184 0.026228448275862064
05 0.979375 0.14875 0.018636363636363784 0.04488636363636364
03 0.406875 0.12375 0.041235795454545476 0.042485795454545464
03 0.16312500000000002 0.255625 0.023719512195121945 0.04121951219512199
