06 0.11125000000000002 0.285 0.03498355263157894 0.01748355263157897
04 0.6956249999999999 0.7575000000000001 0.02374161073825498 0.012491610738254999
03 0.2525 0.42375 0.0749568965517241 0.01745689655172411
07 0.504375 0.778125 0.11624444444444443 0.051244444444444315
18 0.34625 0.6543749999999999 0.0149880952380953 0.01623809523809505
08 0.6750017556179775 0.911875 0.014996488764044913 0.018742977528089844
10 0.6025 0.020625 0.027495098039215682 0.026245098039215688
14 0.46875 0.680625 0.022456896551724115 0.02120689655172414
03 0.181875 0.26375 0.028728448275862073 0.024978448275862042
07 0.9775284090909091 0.736875 0.029943181818181897 0.02363636363636379
13 0.25125000000000003 0.27375 0.04748579545454548 0.05998579545454549
15 0.985 0.125625 0.01746951219512205 0.013719512195121936
