06 0.9475 0.22625 0.047483552631578885 0.009983552631578962
10 0.33499999999999996 0.858125 0.022491610738255063 0.021241610738254924
08 0.39 0.43875 0.044956896551724135 0.014956896551724108
15 0.3349986111111111 0.595 0.0424972222222223 0.019994444444444537
15 0.6425 0.140625 0.037488095238095154 0.04123809523809527
03 0.534375 0.953125 0.036242977528089804 0.016242977528089897
04 0.54375 0.145625 0.027495098039215682 0.028745098039215683
06 0.61 0.141875 0.019956896551724057 0.09870689655172411
10 0.669375 0.28375 0.026228448275862237 0.024978448275862042
20 0.374375 0.33625000000000005 0.018636363636363618 0.014886363636363587
14 0.058125 0.09875 0.02623579545454545 0.01748579545454547
13 0.89375 0.171875 0.029969512195121895 0.03121951219512195
13 0.316875 0.7281249999999999 0.03123214285714282 0.028732142857142873
14 0.22749999999999998 0.07875 0.01998750000000002 0.0349875
