07 0.18625 0.155 0.022483552631578974 0.08748355263157896
03 0.264375 0.80125 0.026241610738255094 0.07499161073825489
08 0.73875 0.876864224137931 0.024956896551724173 0.021228448275862122
15 0.06875 0.26937500000000003 0.06749444444444444 0.031244444444444464
16 0.60875 0.49125 0.029988095238095314 0.054988095238095336
04 0.279375 0.655625 0.043742977528089866 0.036242977528089915
06 0.3293762254901961 0.323125 0.021247549019607848 0.11624509803921568
16 0.24312499999999998 0.03 0.031206896551724123 0.05495689655172414
03 0.326875 0.5800000000000001 0.038728448275862026 0.04247844827586211
04 0.30874999999999997 0.083125 0.03238636363636366 0.02863636363636364
12 0.6031249999999999 0.14375 0.04623579545454548 0.052485795454545486
