03 0.784375 0.10187088815789475 0.06873355263157899 0.033741776315789465
04 0.8587499999999999 0.19624999999999998 0.03749161073825491 0.02749161073825504
09 0.940625 0.228125 0.04120689655172416 0.016206896551724137
03 0.09062500000000001 0.744375 0.023744444444444443 0.026244444444444293
09 0.366875 0.235 0.033738095238095234 0.02248809523809528
18 0.066875 0.846875 0.023742977528089883 0.026242977528089795
01 0.75875 0.2525 0.024995098039215624 0.027495098039215682
03 0.553125 0.9337500000000001 0.046206896551724164 0.029956896551724177
03 0.97625 0.85 0.032478448275862215 0.022478448275862206
11 0.6256250000000001 0.711875 0.03863636363636369 0.04113636363636375
15 0.6781249999999999 0.523125 0.07623579545454551 0.031235795454545467
03 0.16375 0.7625 0.024969512195121946 0.03246951219512206
