04 0.380625 0.486875 0.04373355263157891 0.043733552631578854
03 0.518125 0.6256249999999999 0.046241610738255 0.03374161073825499
20 0.526875 0.168125 0.026206896551724146 0.01870689655172414
06 0.155 0.316875 0.03499444444444444 0.043744444444444475
02 0.270625 0.5487500000000001 0.07623809523809524 0.037488095238095265
10 0.49125 0.29625 0.0524929775280899 0.04749297752808984
03 0.54125 0.44937499999999997 0.027495098039215682 0.03874509803921572
18 0.8787499999999999 0.280625 0.032456896551724124 0.036206896551724155
20 0.5075000000000001 0.6675 0.019978448275862093 0.0174784482758622
12 0.9550000000000001 0.82125 0.05988636363636368 0.06238636363636374
03 0.639375 0.594375 0.04623579545454548 0.08373579545454546
03 0.7725 0.42374999999999996 0.029969512195122006 0.03246951219512201
06 0.794375 0.421875 0.018732142857142864 0.053732142857142784
