05 0.31625000000000003 0.524375 0.042483552631578936 0.02123355263157889
06 0.6493749999999999 0.7075 0.07124161073825497 0.0899916107382549
10 0.15187499999999998 0.110625 0.02870689655172412 0.026206896551724118
08 0.84 0.384375 0.012494444444444364 0.03624444444444447
10 0.77 0.193125 0.019988095238095083 0.016238095238095274
04 0.859375 0.87625 0.03874297752808986 0.04249297752808989
00 0.9550000000000001 0.919375 0.042495098039215695 0.028745098039215766
13 0.9412499999999999 0.47062499999999996 0.05245689655172414 0.11120689655172405
04 0.405625 0.36 0.041228448275862084 0.03247844827586205
08 0.92875 0.1225 0.047386363636363726 0.03738636363636365
06 0.688125 0.33875 0.03873579545454531 0.03248579545454544
01 0.21500000000000002 0.19874999999999998 0.024969512195121973 0.01996951219512197
11 0.058124999999999996 0.82375 0.041232142857142856 0.032482142857142904
08 0.61125 0.0675 0.0324875 0.042487500000000004
