06 0.10812088815789474 0.953125 0.028741776315789475 0.03873355263157885
03 0.84625 0.61125 0.029991610738254848 0.04749161073825503
14 0.08687500000000001 0.391875 0.07870689655172415 0.04370689655172416
04 0.69375 0.58375 0.03249444444444438 0.029994444444444435
01 0.354375 0.380625 0.031238095238095287 0.02373809523809528
15 0.766875 0.928125 0.01374297752808984 0.026242977528089906
08 0.699375 0.155 0.05874509803921568 0.07499509803921568
06 0.256875 0.71875 0.02120689655172414 0.10995689655172414
20 0.19187500000000002 0.3775 0.028728448275862045 0.024978448275862042
10 0.3825 0.8425 0.047386363636363615 0.04488636363636378
03 0.703125 0.230625 0.07873579545454534 0.03373579545454547
01 0.606875 0.301875 0.018719512195121912 0.02121951219512197
