11 0.63625 0.43937499999999996 0.019983552631578916 0.018733552631578887
20 0.161875 0.360625 0.021241610738255062 0.016241610738255086
03 0.8200000000000001 0.729375 0.02495689655172406 0.018706896551724084
13 0.79 0.026874999999999996 0.04499444444444434 0.011244444444444442
18 0.641875 0.739375 0.01123809523809527 0.013738095238095216
03 0.45875 0.019999999999999997 0.039992977528089835 0.027492977528089886
20 0.4625 0.16499999999999998 0.01749509803921573 0.014995098039215699
03 0.38125 0.938125 0.02995689655172412 0.016206896551724137
09 0.27812499999999996 0.66 0.031228448275862075 0.032478448275862215
03 0.7175 0.481875 0.05488636363636379 0.016136363636363615
03 0.509375 0.595 0.031235795454545467 0.02498579545454549
15 0.828125 0.103125 0.026219512195122086 0.01371951219512195
06 0.425 0.860625 0.03498214285714285 0.03373214285714288
13 0.075625 0.556875 0.016237500000000002 0.0587375
