00 0.279375 0.931875 0.03873355263157896 0.031233552631578898
13 0.705625 0.19625 0.056241610738254955 0.06999161073825505
03 0.635625 0.615 0.046206896551724164 0.07495689655172422
07 0.2625 0.19 0.02499444444444443 0.039994444444444444
14 0.7925 0.44437499999999996 0.027488095238095145 0.05123809523809525
03 0.625 0.06 0.019992977528089817 0.019992977528089893
03 0.140625 0.74 0.0162450980392157 0.04499509803921575
05 0.455625 0.8631249999999999 0.036206896551724155 0.02120689655172414
04 0.27875 0.49624999999999997 0.029978448275862046 0.024978448275862097
04 0.8775 0.42875 0.04238636363636383 0.0323863636363636
