18 0.558125 0.72875 0.0362335526315789 0.037483552631578876
04 0.38375000000000004 0.5506249999999999 0.05999161073825504 0.05124161073825506
07 0.11687499999999998 0.656875 0.08620689655172413 0.08120689655172408
06 0.12687500000000002 0.254375 0.018744444444444466 0.048744444444444424
06 0.52625 0.19062500000000002 0.10998809523809533 0.13873809523809527
00 0.5862499999999999 0.935 0.057492977528089795 0.04499297752808984
00 0.11374999999999999 0.6287499999999999 0.05249509803921569 0.03499509803921563
14 0.251875 0.518125 0.026206896551724146 0.04120689655172416
11 0.956875 0.44375 0.053728448275862206 0.034978448275862106
11 0.42000000000000004 0.8418749999999999 0.05738636363636357 0.028636363636363682
03 0.8556250000000001 0.82 0.06123579545454538 0.08998579545454533
14 0.414375 0.44999999999999996 0.05371951219512194 0.05996951219512198
19 0.37625 0.193125 0.07748214285714283 0.04373214285714283
