14 0.96625 0.8643749999999999 0.03248355263157887 0.04123355263157891
03 0.060625 0.755 0.011241610738255026 0.02999161073825496
03 0.6268750000000001 0.03875000000000001 0.02120689655172414 0.04495689655172414
10 0.54125 0.0625 0.01749444444444448 0.012494444444444447
19 0.56 0.294375 0.03998809523809521 0.03623809523809529
06 0.73375 0.79 0.10249297752808983 0.057492977528089795
09 0.75125 0.6881250000000001 0.042495098039215695 0.031245098039215713
00 0.733125 0.44125000000000003 0.03120689655172415 0.019956896551724113
03 0.045625 0.6275 0.04872844827586206 0.039978448275862166
08 0.10375000000000001 0.75125 0.014886363636363628 0.009886363636363749
10 0.97375 0.685 0.017485795454545316 0.014985795454545259
03 0.804375 0.25625 0.02121951219512197 0.03746951219512201
04 0.6187499999999999 0.694375 0.029982142857142846 0.026232142857142815
