20 0.33 0.38875 0.014983552631578911 0.014983552631578911
11 0.535 0.7275 0.027491610738255012 0.022491610738254897
03 0.21375 0.06812499999999999 0.04745689655172414 0.041206896551724145
16 0.188125 0.213125 0.04374444444444445 0.031244444444444436
18 0.051875 0.4075 0.016238095238095232 0.01998809523809525
06 0.874375 0.48812500000000003 0.10124297752808986 0.031242977528089855
12 0.23750000000000002 0.715625 0.0449950980392157 0.038745098039215775
05 0.891875 0.1925 0.018706896551724084 0.02995689655172412
15 0.9043749999999999 0.68125 0.036228448275862246 0.04497844827586217
01 0.27 0.37125 0.03238636363636366 0.027386363636363598
18 0.708125 0.778125 0.016235795454545343 0.0187357954545454
