03 0.621875 0.744375 0.023733552631578836 0.05873355263157887
20 0.03875 0.619375 0.027491610738255026 0.023741610738255092
12 0.635 0.2375 0.05245689655172414 0.03995689655172416
00 0.26625 0.250625 0.03499444444444441 0.028744444444444434
10 0.0325 0.4425 0.02498809523809523 0.03998809523809527
03 0.88375 0.495625 0.04249297752808989 0.04124297752808981
04 0.201875 0.7475 0.023745098039215706 0.022495098039215677
01 0.74875 0.7437499999999999 0.022456896551724115 0.022456896551724115
03 0.76875 0.60875 0.049978448275862175 0.03747844827586211
10 0.4525 0.923125 0.022386363636363593 0.018636363636363784
