03 0.033125 0.63125 0.01123355263157895 0.03498355263157893
05 0.385 0.7537499999999999 0.01749161073825506 0.017491610738254892
14 0.2475 0.7887500000000001 0.022456896551724115 0.029956896551724177
04 0.7831250000000001 0.45125 0.01874444444444434 0.01749444444444448
14 0.50875 0.68625 0.05498809523809528 0.019988095238095083
08 0.435625 0.2825 0.023742977528089848 0.024992977528089877
10 0.5606249999999999 0.156875 0.021245098039215704 0.021245098039215676
12 0.37373922413793104 0.27375 0.029978448275862046 0.03745689655172413
02 0.673125 0.46125 0.03372844827586219 0.01747844827586209
20 0.7625 0.3125 0.009886363636363749 0.009886363636363638
03 0.38749999999999996 0.933125 0.012485795454545479 0.016235795454545343
20 0.9299999999999999 0.239375 0.01746951219512194 0.018719512195121968
14 0.6543749999999999 0.45625000000000004 0.03123214285714282 0.017482142857142835
