03 0.5325 0.535625 0.057483552631578894 0.053733552631578974
04 0.6912499999999999 0.9325 0.049991610738254866 0.04999161073825498
20 0.870625 0.39937500000000004 0.07120689655172407 0.05620689655172412
07 0.40125 0.8625 0.1024944444444445 0.04249444444444428
14 0.855 0.9412499999999999 0.07248809523809507 0.054988095238095114
15 0.66625 0.63375 0.07499297752808987 0.09249297752808983
01 0.234375 0.9524999999999999 0.03624509803921572 0.032495098039215686
04 0.266875 0.97 0.03870689655172416 0.029956896551724177
01 0.92875 0.47250000000000003 0.03497844827586227 0.03247844827586205
11 0.8731249999999999 0.37625 0.053636363636363815 0.05738636363636357
09 0.385 0.76625 0.05748579545454546 0.03498579545454539
10 0.633125 0.52875 0.04121951219512199 0.04496951219512202
