04 0.640625 0.353125 0.053733552631578974 0.028733552631578896
10 0.09187500000000001 0.54625 0.05374161073825505 0.04499161073825508
04 0.635625 0.61625 0.05620689655172417 0.04745689655172414
19 0.3925 0.8868750000000001 0.06249444444444452 0.061244444444444324
03 0.51 0.74125 0.04498809523809527 0.054988095238095114
12 0.910625 0.283125 0.08124297752808984 0.07624297752808987
18 0.299375 0.3075 0.038745098039215664 0.042495098039215695
09 0.60875 0.556875 0.039956896551724075 0.061206896551724066
03 0.9225 0.6025 0.06747844827586214 0.047478448275862006
13 0.29125 0.54375 0.07238636363636358 0.0973863636363636
05 0.8987499999999999 0.94625 0.029985795454545383 0.07248579545454537
09 0.333125 0.298125 0.05371951219512194 0.04121951219512193
07 0.566875 0.8025 0.05873214285714279 0.09748214285714285
08 0.853125 0.204375 0.0637375 0.036237500000000034
