20 0.22625 0.895625 0.01998355263157897 0.016233552631578885
20 0.25125 0.54 0.009991610738255025 0.009991610738255052
10 0.696875 0.179375 0.016206896551724137 0.01870689655172414
03 0.830625 0.38875 0.008744444444444333 0.022494444444444484
02 0.7631220238095238 0.234375 0.013744047619047572 0.018738095238095276
03 0.32125000000000004 0.745625 0.08249297752808987 0.046242977528089924
03 0.973125 0.340625 0.0162450980392157 0.02624509803921571
12 0.76 0.46125 0.029956896551724066 0.032456896551724124
14 0.79 0.711875 0.014978448275862255 0.018728448275862175
03 0.31502840909090907 0.24562499999999998 0.02744318181818184 0.018636363636363645
18 0.8162499999999999 0.08937500000000001 0.012485795454545312 0.013735795454545466
10 0.9537500000000001 0.856875 0.014969512195121992 0.013719512195122019
