12 0.7581249999999999 0.3075 0.031233552631578898 0.03248355263157893
04 0.44875 0.30374999999999996 0.024991610738255066 0.022491610738255063
05 0.43374999999999997 0.60875 0.019956896551724113 0.024956896551724173
20 0.801875 0.18625 0.0212444444444444 0.019994444444444426
20 0.268125 0.26375000000000004 0.023738095238095225 0.024988095238095254
00 0.7268749999999999 0.65625 0.026242977528089795 0.019992977528089817
02 0.028125000000000004 0.278125 0.011245098039215685 0.021245098039215704
18 0.08124999999999999 0.5700000000000001 0.017456896551724124 0.019956896551724168
00 0.25625 0.168125 0.024978448275862097 0.018728448275862064
03 0.26187499999999997 0.076875 0.011136363636363666 0.04113636363636364
20 0.023125 0.034999999999999996 0.02873579545454546 0.02748579545454545
03 0.1825 0.43625 0.014969512195121992 0.03996951219512196
