13 0.64875 0.3775 0.07748355263157891 0.0724835526315789
06 0.428125 0.52125 0.02874161073825504 0.08249161073825512
04 0.860625 0.36750000000000005 0.028706896551724093 0.024956896551724117
06 0.22 0.47250000000000003 0.02499444444444443 0.02999444444444449
05 0.45999999999999996 0.603125 0.017488095238095303 0.033738095238095234
03 0.1775 0.453125 0.04249297752808989 0.036242977528089804
20 0.22125 0.764375 0.019995098039215675 0.021245098039215704
20 0.7725 0.41312499999999996 0.02495689655172406 0.02620689655172409
02 0.6268750000000001 0.1875 0.02372844827586207 0.06747844827586208
01 0.9075 0.224375 0.03738636363636372 0.031136363636363656
20 0.22125 0.38749999999999996 0.02498579545454549 0.022485795454545487
