03 0.975 0.775625 0.02498355263157892 0.04873355263157886
04 0.50375 0.58375 0.03749161073825508 0.027491610738255012
03 0.075 0.46562499999999996 0.02995689655172413 0.028706896551724148
03 0.864375 0.11624999999999999 0.023744444444444346 0.04749444444444445
18 0.404375 0.494375 0.031238095238095287 0.031238095238095287
18 0.17312499999999997 0.8025 0.033742977528089885 0.03499297752808994
10 0.6775 0.155 0.02999509803921563 0.03499509803921569
14 0.38875 0.815 0.022456896551724115 0.03495689655172407
13 0.893125 0.7906249999999999 0.07122844827586217 0.09122844827586218
06 0.1675 0.874375 0.08738636363636365 0.07363636363636372
04 0.04875 0.7562500000000001 0.03748579545454545 0.02248579545454532
18 0.120625 0.806875 0.026219512195121947 0.028719512195122032
08 0.83125 0.225 0.03748214285714291 0.029982142857142846
