05 0.8674999999999999 0.15250000000000002 0.01748355263157897 0.024983552631578948
08 0.135 0.7649999999999999 0.012491610738255055 0.017491610738254892
15 0.3175 0.017499999999999998 0.014956896551724164 0.03245689655172414
06 0.84375 0.84375 0.05999444444444446 0.047494444444444284
05 0.321875 0.46499999999999997 0.013738095238095271 0.02748809523809531
03 0.873125 0.6487499999999999 0.008742977528089835 0.022492977528089875
03 0.27312377450980396 0.644375 0.006247549019607834 0.056245098039215735
01 0.08687500000000001 0.070625 0.013706896551724121 0.01620689655172415
00 0.5575 0.7737499999999999 0.01747844827586209 0.0174784482758622
03 0.631875 0.09875 0.013636363636363558 0.019886363636363633
18 0.28500000000000003 0.8925000000000001 0.012485795454545479 0.014985795454545259
09 0.704375 0.903125 0.03121951219512198 0.03871951219512193
03 0.27749999999999997 0.4075 0.017482142857142835 0.024982142857142786
