03 0.6849958881578948 0.385625 0.017491776315789465 0.026233552631578894
01 0.78625 0.8574999999999999 0.014991610738254835 0.017491610738254892
19 0.201875 0.955625 0.013706896551724135 0.0337068965517241
03 0.39875000000000005 0.31562500000000004 0.034994444444444495 0.031244444444444464
06 0.40625 0.0375 0.02248809523809525 0.024988095238095236
02 0.50875 0.56375 0.02749297752808988 0.019992977528089817
12 0.474375 0.41125 0.03624509803921572 0.03749509803921569
13 0.900625 0.18937500000000002 0.08870689655172415 0.05120689655172414
06 0.9381250000000001 0.763125 0.09122844827586218 0.013728448275862282
16 0.15625 0.831875 0.04238636363636364 0.03113636363636374
03 0.835 0.8843749999999999 0.03248579545454533 0.031235795454545356
03 0.28375 0.579375 0.07996951219512197 0.07621951219512202
20 0.181875 0.49624999999999997 0.02123214285714284 0.02248214285714284
