14 0.5062500000000001 0.3775 0.019983552631578916 0.039983552631578934
01 0.059375 0.11125 0.018741610738255025 0.014991610738255057
13 0.213125 0.7324999999999999 0.07870689655172414 0.04495689655172408
20 0.61 0.44125000000000003 0.019994444444444426 0.014994444444444477
20 0.185 0.328125 0.01998809523809525 0.01873809523809522
18 0.615 0.9125 0.014992977528089924 0.01749297752808987
06 0.15875 0.505625 0.05999509803921571 0.0762450980392157
12 0.06 0.931875 0.027456896551724147 0.03120689655172404
05 0.35625 0.44125000000000003 0.014978448275862033 0.03747844827586205
14 0.9175 0.30874999999999997 0.022386363636363704 0.04488636363636361
03 0.51125 0.433125 0.044985795454545396 0.03623579545454547
