11 0.6331249999999999 0.08 0.033733552631578845 0.022483552631578946
04 0.569375 0.3425 0.031241610738255043 0.027491610738255068
05 0.843125 0.73 0.026206896551724146 0.032456896551724124
00 0.38749999999999996 0.849375 0.02999444444444449 0.0212444444444444
07 0.9218779761904763 0.8374999999999999 0.01624404761904763 0.044988095238095105
00 0.7893749999999999 0.7 0.036242977528089804 0.03749297752808978
04 0.5543750000000001 0.72875 0.028745098039215766 0.01999509803921562
20 0.9256249999999999 0.750625 0.023706896551724088 0.018706896551724084
03 0.0975 0.08 0.017478448275862063 0.022478448275862067
18 0.5137499999999999 0.28437500000000004 0.022386363636363593 0.02613636363636368
14 0.0125 0.016875 0.019985795454545457 0.031235795454545454
18 0.060625 0.548125 0.01871951219512194 0.02121951219512197
07 0.07187500000000001 0.89 0.018732142857142864 0.07748214285714283
03 0.051250000000000004 0.20500000000000002 0.0199875 0.024987500000000024
