01 0.244375 0.173125 0.026233552631579005 0.018733552631578998
00 0.835 0.49 0.01999161073825484 0.01749161073825506
00 0.5856250000000001 0.8087500000000001 0.018706896551724195 0.012456896551724106
20 0.43625 0.56625 0.017494444444444535 0.014994444444444532
01 0.5462499999999999 0.11124999999999999 0.017488095238095247 0.017488095238095233
18 0.23125 0.8975 0.012492977528089838 0.014992977528089813
15 0.85875 0.5825 0.01999509803921562 0.01999509803921562
03 0.35 0.03125 0.02245689655172417 0.039956896551724144
11 0.191875 0.24875 0.021228448275862066 0.02247844827586204
07 0.061875 0.27749999999999997 0.03363636363636363 0.024886363636363706
03 0.234375 0.09687499999999999 0.02123579545454546 0.013735795454545466
