10 0.4225 0.254375 0.03248355263157893 0.031233552631578954
19 0.46499999999999997 0.11249999999999999 0.01749161073825506 0.017491610738255045
20 0.193125 0.27749999999999997 0.031206896551724123 0.02245689655172417
03 0.736875 0.2225 0.02874444444444435 0.03749444444444444
03 0.4225 0.71 0.06498809523809529 0.034988095238095096
03 0.49187500000000006 0.495 0.06124297752808988 0.039992977528089835
03 0.853125 0.63 0.02624509803921571 0.02999509803921563
05 0.20625 0.906875 0.03745689655172413 0.0237068965517242
10 0.35250000000000004 0.364375 0.014978448275862088 0.016228448275862062
20 0.8125 0.660625 0.022386363636363704 0.018636363636363784
03 0.156875 0.176875 0.06873579545454547 0.038735795454545474
