13 0.5325 0.666875 0.022483552631578863 0.07873355263157888
18 0.193125 0.6112500000000001 0.01874161073825506 0.01999161073825506
07 0.170625 0.15999999999999998 0.08370689655172414 0.06245689655172412
03 0.20375 0.451875 0.012494444444444447 0.031244444444444464
06 0.953125 0.755625 0.04623809523809519 0.04623809523809519
20 0.035625000000000004 0.558125 0.018742977528089892 0.018742977528089844
08 0.22312500000000002 0.648748774509804 0.03874509803921569 0.024997549019607823
10 0.166875 0.06375 0.02120689655172414 0.019956896551724147
05 0.057499999999999996 0.77875 0.017478448275862056 0.03497844827586227
18 0.675625 0.7875 0.018636363636363784 0.022386363636363704
02 0.6012500000000001 0.973125 0.0349857954545455 0.0337357954545453
