12 0.58 0.89625 0.03498355263157893 0.027483552631578867
19 0.971875 0.266875 0.028741610738254875 0.03624161073825502
15 0.684385775862069 0.615 0.018728448275862064 0.009956896551724048
12 0.34625 0.27375 0.03249444444444449 0.03499444444444444
06 0.8118749999999999 0.9475 0.05373809523809514 0.05998809523809512
07 0.08812500000000001 0.254375 0.01374297752808988 0.04874297752808987
04 0.168125 0.8262499999999999 0.02874509803921571 0.02999509803921574
06 0.05625 0.63875 0.007456896551724143 0.06745689655172415
05 0.81 0.0575 0.0174784482758622 0.034978448275862065
03 0.809375 0.413125 0.028636363636363682 0.05363636363636359
00 0.8968750000000001 0.9412499999999999 0.023735795454545294 0.024985795454545268
20 0.051250000000000004 0.631875 0.019969512195121948 0.018719512195121912
04 0.84 0.1775 0.02498214285714284 0.02248214285714284
13 0.4375 0.65875 0.04998749999999996 0.06998749999999998
