14 0.51625 0.719375 0.042483552631578936 0.0362335526315789
03 0.6175020973154361 0.895 0.017495805369127537 0.042491610738254915
00 0.13187500000000002 0.38375 0.043706896551724134 0.04245689655172413
20 0.786875 0.135 0.033744444444444355 0.037494444444444455
03 0.15000000000000002 0.88 0.034988095238095235 0.0399880952380951
03 0.21125 0.640625 0.022492977528089847 0.046242977528089924
02 0.9143749999999999 0.850625 0.04374509803921567 0.021245098039215704
14 0.49749999999999994 0.494375 0.024956896551724117 0.041206896551724104
18 0.7362500000000001 0.021875 0.024978448275862264 0.02872844827586207
03 0.74125 0.1725 0.04238636363636372 0.05738636363636365
20 0.443125 0.08375 0.02373579545454546 0.024985795454545462
