20 0.433125 0.9724999999999999 0.02373355263157889 0.019983552631578916
01 0.14375 0.180625 0.029991610738255042 0.023741610738255037
08 0.576875 0.7462500000000001 0.02120689655172414 0.05245689655172414
19 0.8025 0.9256249999999999 0.02499444444444432 0.026244444444444404
00 0.34625 0.750625 0.03248809523809526 0.028738095238095118
20 0.338125 0.265 0.02624297752808985 0.019992977528089872
12 0.8631249999999999 0.156875 0.031245098039215713 0.03374509803921569
03 0.261875 0.18625 0.043706896551724134 0.06495689655172415
03 0.23875000000000002 0.72 0.029978448275862074 0.024978448275862153
19 0.29875 0.43937499999999996 0.02488636363636365 0.023636363636363622
07 0.68125 0.62 0.029985795454545272 0.0399857954545455
10 0.286875 0.816875 0.023719512195121972 0.023719512195121917
