03 0.321875 0.08437499999999999 0.048733552631578914 0.053733552631578946
18 0.81125 0.079375 0.022491610738254897 0.02624161073825504
19 0.146875 0.9456249999999999 0.016206896551724137 0.018706896551724195
11 0.609375 0.98 0.03374444444444458 0.03249444444444438
06 0.8518749999999999 0.3 0.08123809523809522 0.06748809523809529
03 0.8431249999999999 0.298125 0.01374297752808984 0.031242977528089855
20 0.2975 0.3 0.017495098039215673 0.017495098039215673
03 0.34375 0.711875 0.019956896551724168 0.016206896551724137
03 0.2475 0.175 0.05997844827586207 0.04497844827586206
01 0.98375 0.41125 0.019886363636363757 0.014886363636363642
08 0.22999999999999998 0.6793750000000001 0.04248579545454545 0.0337357954545453
