12 0.225 0.06125 0.054983552631579 0.07748355263157894
18 0.93875 0.245 0.022491610738254897 0.024991610738255066
00 0.9212499999999999 0.22562500000000002 0.032456896551724124 0.02870689655172412
11 0.38625 0.184375 0.03249444444444449 0.02624444444444443
08 0.54 0.655625 0.009988095238095296 0.021238095238095056
03 0.583125 0.475 0.028742977528089853 0.04749297752808984
15 0.169375 0.736875 0.03874509803921569 0.038745098039215775
03 0.646260775862069 0.530625 0.03747844827586211 0.036206896551724155
03 0.155625 0.89 0.02372844827586204 0.024978448275862153
02 0.6581250000000001 0.7150000000000001 0.04613636363636364 0.03738636363636372
18 0.145625 0.30625 0.026235795454545463 0.02998579545454544
03 0.688125 0.40937500000000004 0.03121951219512198 0.03371951219512198
12 0.18937500000000002 0.34125 0.038732142857142854 0.05998214285714287
20 0.566875 0.7012499999999999 0.016237500000000016 0.014987500000000042
