03 0.88375 0.33062499999999995 0.01748355263157897 0.031233552631578954
20 0.701875 0.16625 0.01624161073825492 0.014991610738255057
03 0.04875 0.18625 0.01995689655172414 0.032456896551724124
02 0.20500000000000002 0.6443749999999999 0.04749444444444442 0.02124444444444451
15 0.26875 0.84625 0.027488095238095256 0.03998809523809521
03 0.97 0.40625 0.012492977528089866 0.03499297752808983
03 0.33999999999999997 0.008125 0.01499509803921567 0.016245098039215686
10 0.850625 0.15625 0.02120689655172414 0.01745689655172411
03 0.526875 0.30374999999999996 0.026228448275862126 0.02247844827586204
07 0.590625 0.365625 0.016136363636363615 0.038636363636363635
