03 0.5506249999999999 0.244375 0.02123355263157889 0.013733552631578966
04 0.793125 0.33375 0.02374161073825487 0.014991610738255057
14 0.244375 0.9775 0.016206896551724137 0.02745689655172412
03 0.23875 0.481875 0.01249444444444442 0.016244444444444506
03 0.725625 0.03125 0.031238095238095176 0.012488095238095232
14 0.3 0.325625 0.032492977528089884 0.03874297752808986
18 0.24125000000000002 0.55125 0.014995098039215699 0.017495098039215673
03 0.719375 0.90375 0.028706896551724093 0.04245689655172413
09 0.544375 0.9125 0.03372844827586208 0.03497844827586216
02 0.366875 0.9512499999999999 0.02113636363636362 0.012386363636363806
02 0.42874999999999996 0.700625 0.032485795454545496 0.03623579545454525
