04 0.034375 0.224375 0.038733552631578946 0.033733552631578984
00 0.663125 0.940625 0.04124161073825494 0.03374161073825499
14 0.67 0.05437500000000001 0.02745689655172412 0.04620689655172414
18 0.796875 0.10062499999999999 0.02874444444444446 0.03124444444444445
05 0.274375 0.745625 0.05123809523809528 0.028738095238095118
09 0.835 0.735 0.032492977528089884 0.0474929775280899
06 0.713125 0.7449987745098039 0.10374509803921561 0.0624975490196078
03 0.6525000000000001 0.55125 0.05495689655172409 0.08745689655172417
04 0.585 0.27625 0.04497844827586206 0.032478448275862104
13 0.25375000000000003 0.13562500000000002 0.052386363636363675 0.10613636363636365
