03 0.33374588815789474 0.84625 0.027491776315789418 0.057483552631579005
13 0.8425020973154362 0.111875 0.04249580536912745 0.02874161073825504
04 0.828125 0.143125 0.0387068965517241 0.03120689655172415
08 0.5525 0.6656249999999999 0.014994444444444532 0.02874444444444435
14 0.2925 0.6000000000000001 0.027488095238095256 0.047488095238095274
12 0.8574999999999999 0.885625 0.04499297752808984 0.05624297752808993
20 0.878125 0.5525 0.02624509803921571 0.027495098039215682
20 0.580625 0.375625 0.023706896551724088 0.01870689655172414
04 0.775625 0.068125 0.026228448275862126 0.021228448275862073
08 0.33875 0.6681250000000001 0.04488636363636361 0.026136363636363735
00 0.45375 0.420625 0.03248579545454544 0.031235795454545467
