03 0.101875 0.6387499999999999 0.03373355263157894 0.019983552631578916
14 0.7206250000000001 0.485625 0.026241610738254928 0.023741610738255037
03 0.547510775862069 0.553125 0.012478448275861975 0.0387068965517241
04 0.663125 0.8049999999999999 0.03874444444444436 0.02249444444444426
19 0.7106250000000001 0.823125 0.04373809523809513 0.041238095238095074
03 0.57875 0.6331249999999999 0.014992977528089924 0.07624297752808984
09 0.130625 0.023125 0.03874509803921569 0.02874509803921569
08 0.8125 0.749375 0.05245689655172403 0.03370689655172421
10 0.630625 0.838125 0.02372844827586207 0.021228448275862233
19 0.3725 0.50875 0.022386363636363593 0.04488636363636356
