03 0.9199999999999999 0.785 0.04248355263157888 0.037483552631578876
04 0.7093750000000001 0.643125 0.028741610738254875 0.021241610738254924
20 0.76 0.173125 0.012456896551724217 0.00870689655172413
12 0.081875 0.848125 0.031244444444444464 0.043744444444444364
06 0.9650029761904763 0.785625 0.06499404761904759 0.03623809523809518
07 0.2 0.86375 0.07749297752808984 0.019992977528089817
10 0.231875 0.41875 0.021245098039215704 0.022495098039215677
10 0.4275 0.16249999999999998 0.024956896551724117 0.017456896551724138
06 0.768125 0.475 0.01622844827586223 0.029978448275862102
14 0.9568749999999999 0.47625 0.02363636363636379 0.027386363636363598
07 0.938125 0.475625 0.03623579545454536 0.016235795454545454
