13 0.40312499999999996 0.5075000000000001 0.0337335526315789 0.08498355263157886
02 0.870625 0.50875 0.04374161073825489 0.03249161073825502
10 0.9568749999999999 0.32375 0.01370689655172408 0.012456896551724161
20 0.185 0.3325 0.017494444444444424 0.014994444444444477
03 0.5531250000000001 0.9625 0.026238095238095283 0.01498809523809519
06 0.6174999999999999 0.714375 0.05499297752808985 0.043742977528089866
19 0.0575 0.7893749999999999 0.02249509803921569 0.021245098039215704
07 0.5143857758620689 0.409375 0.021228448275862122 0.0387068965517241
08 0.45999999999999996 0.184375 0.019978448275862093 0.041228448275862056
03 0.06565340909090908 0.740625 0.04119318181818181 0.018636363636363784
14 0.765625 0.179375 0.04373579545454542 0.026235795454545463
03 0.28875 0.6225 0.04246951219512196 0.014969512195121992
03 0.645625 0.446875 0.03123214285714293 0.011232142857142857
