08 0.741875 0.241875 0.04623355263157891 0.033733552631578984
14 0.69625 0.558125 0.01999161073825484 0.04124161073825505
03 0.07 0.18062499999999998 0.012456896551724148 0.03620689655172413
01 0.9493750000000001 0.59 0.026244444444444404 0.02499444444444454
03 0.145625 0.16312500000000002 0.02873809523809523 0.04373809523809527
18 0.64375 0.9537500000000001 0.019992977528089928 0.022492977528089875
00 0.311875 0.46 0.023745098039215706 0.022495098039215677
04 0.48124999999999996 0.46625 0.024956896551724117 0.019956896551724168
14 0.669375 0.938125 0.021228448275862122 0.03122844827586224
20 0.596875 0.98125 0.02113636363636362 0.022386363636363815
14 0.161875 0.686875 0.04623579545454545 0.026235795454545352
15 0.625 0.704375 0.04246951219512196 0.04121951219512199
18 0.161875 0.675 0.018732142857142864 0.022482142857142784
