10 0.119375 0.76875 0.03623355263157893 0.03498355263157882
03 0.15125 0.5543750000000001 0.032491610738255045 0.07374161073825503
03 0.641875 0.709375 0.026206896551724146 0.0387068965517241
11 0.735625 0.391875 0.043744444444444364 0.03624444444444447
10 0.405 0.305 0.032488095238095316 0.02248809523809525
15 0.6025 0.47562499999999996 0.014992977528089813 0.03624297752808986
14 0.78 0.021875 0.03999509803921564 0.038745098039215685
06 0.370625 0.8262499999999999 0.01870689655172414 0.032456896551724124
09 0.694375 0.855 0.03872844827586219 0.02747844827586221
20 0.43875 0.72125 0.034886363636363604 0.024886363636363762
07 0.24125000000000002 0.854375 0.05748579545454549 0.01873579545454529
04 0.085625 0.635 0.04621951219512195 0.03246951219512195
