13 0.09437500000000001 0.275 0.14373355263157897 0.044983552631578994
20 0.955625 0.45875 0.026241610738254928 0.01999161073825506
03 0.271875 0.6156250000000001 0.05620689655172412 0.023706896551724088
20 0.40812499999999996 0.735625 0.03374444444444452 0.0362444444444443
14 0.44437499999999996 0.465625 0.0487380952380953 0.03623809523809529
18 0.513125 0.21375 0.028742977528089908 0.032492977528089856
04 0.12875 0.46625 0.03999509803921569 0.02999509803921574
03 0.735 0.6525000000000001 0.0699568965517241 0.05245689655172414
05 0.4975 0.583125 0.024978448275862042 0.05122844827586204
18 0.11125 0.38187499999999996 0.027386363636363625 0.028636363636363626
09 0.8925000000000001 0.15375 0.034985795454545277 0.037485795454545445
06 0.08625 0.510625 0.039969512195121945 0.033719512195121926
03 0.29500000000000004 0.18375000000000002 0.06498214285714282 0.04498214285714283
02 0.7424999999999999 0.375625 0.05998749999999997 0.023737500000000022
