12 0.50125 0.640625 0.08998355263157887 0.07623355263157894
03 0.426875 0.9612499999999999 0.03624161073825505 0.06999161073825488
08 0.4275 0.7949999999999999 0.05245689655172414 0.032456896551724124
06 0.179375 0.7725 0.13874444444444445 0.012494444444444364
09 0.171875 0.585 0.056238095238095254 0.04248809523809527
12 0.596875 0.068125 0.053742977528089875 0.058742977528089886
03 0.8318749999999999 0.609375 0.04374509803921567 0.04874509803921567
03 0.6712499999999999 0.908125 0.09495689655172412 0.04870689655172411
05 0.453125 0.224375 0.03372844827586208 0.04872844827586206
20 0.0575 0.43937499999999996 0.02988636363636364 0.028636363636363626
