13 0.9293750000000001 0.6475 0.04123355263157891 0.027483552631578867
02 0.845 0.546875 0.022491610738254897 0.02624161073825504
09 0.21 0.029375 0.02995689655172412 0.018706896551724136
20 0.131875 0.42625 0.01624444444444445 0.014994444444444477
02 0.306875 0.34562499999999996 0.041238095238095296 0.04123809523809524
10 0.453125 0.659375 0.023742977528089848 0.018742977528089844
04 0.18937500000000002 0.308125 0.02374509803921568 0.021245098039215704
03 0.343125 0.18 0.036206896551724155 0.09995689655172413
02 0.06875 0.605 0.042478448275862064 0.09247844827586216
03 0.0875 0.2825 0.019886363636363633 0.01238636363636364
03 0.035 0.115625 0.032485795454545455 0.026235795454545477
03 0.5549999999999999 0.270625 0.022469512195122054 0.04121951219512199
