04 0.921875 0.32437499999999997 0.06623355263157893 0.051233552631578916
08 0.31 0.513125 0.08499161073825501 0.04874161073825506
12 0.55625 0.604375 0.05995689655172409 0.06620689655172418
07 0.5581263888888888 0.8756250000000001 0.08624722222222225 0.09124444444444435
19 0.575625 0.3675 0.05373809523809536 0.047488095238095274
18 0.321875 0.715 0.04374297752808981 0.0474929775280899
03 0.16875 0.693125 0.1299950980392157 0.08124509803921565
06 0.725625 0.35750000000000004 0.20370689655172414 0.0674568965517241
11 0.41625 0.47624999999999995 0.06497844827586208 0.03747844827586205
01 0.30999999999999994 0.64 0.03988636363636361 0.03488636363636366
