20 0.9275 0.47125 0.017483552631578858 0.017483552631578858
03 0.19 0.47 0.01999161073825506 0.057491610738255094
04 0.323125 0.31562500000000004 0.0387068965517241 0.028706896551724148
09 0.6012500000000001 0.036875 0.05249444444444451 0.056244444444444444
08 0.5418779761904762 0.64125 0.031244047619047643 0.037488095238095154
03 0.969375 0.875 0.018742977528089844 0.024992977528089932
10 0.203125 0.355 0.033745098039215715 0.029995098039215684
15 0.5862499999999999 0.52875 0.012456896551724106 0.02495689655172406
04 0.901875 0.135625 0.03872844827586219 0.02872844827586206
12 0.7725 0.16625 0.024886363636363762 0.027386363636363653
20 0.49749999999999994 0.708125 0.01998579545454543 0.016235795454545343
07 0.58875 0.09625 0.03246951219512195 0.07996951219512194
07 0.858125 0.35750000000000004 0.05873214285714279 0.017482142857142835
