03 0.676875 0.68875 0.023733552631578947 0.03498355263157893
01 0.390625 0.041874999999999996 0.031241610738255043 0.02374161073825503
06 0.5549999999999999 0.63 0.01745689655172422 0.01745689655172411
15 0.1999986111111111 0.53625 0.024997222222222226 0.027494444444444488
06 0.150625 0.9425 0.016238095238095246 0.019988095238095083
18 0.518125 0.465625 0.016242977528089786 0.018742977528089844
03 0.473125 0.51125 0.021245098039215704 0.054995098039215706
15 0.8943749999999999 0.231875 0.02120689655172414 0.046206896551724136
08 0.4125 0.5987499999999999 0.014978448275862088 0.05497844827586207
04 0.569375 0.045625 0.02113636363636362 0.01613636363636363
15 0.16999999999999998 0.180625 0.014985795454545453 0.031235795454545467
03 0.336875 0.845 0.04121951219512199 0.04246951219512196
20 0.605625 0.085 0.026232142857142815 0.022482142857142867
