04 0.123125 0.910625 0.03373355263157893 0.0362335526315789
10 0.903125 0.05375 0.028741610738254875 0.027491610738255026
02 0.248125 0.17625000000000002 0.03370689655172415 0.01995689655172414
18 0.200625 0.113125 0.018744444444444425 0.021244444444444455
11 0.57875 0.6950000000000001 0.029988095238095314 0.019988095238095194
01 0.32062500000000005 0.65625 0.02624297752808985 0.01749297752808987
07 0.88125 0.697498774509804 0.024995098039215735 0.03499754901960783
04 0.451875 0.34750000000000003 0.028706896551724148 0.02995689655172412
03 0.144375 0.905625 0.041228448275862084 0.036228448275862135
12 0.713125 0.33687500000000004 0.0386363636363638 0.02613636363636357
12 0.946875 0.604375 0.048735795454545316 0.031235795454545467
03 0.760625 0.20625 0.02121951219512197 0.017469512195121967
06 0.29937946428571427 0.786875 0.03374107142857141 0.0687321428571428
