13 0.9137500000000001 0.260625 0.04248355263157888 0.04873355263157897
10 0.017499999999999998 0.7281249999999999 0.014991610738255034 0.01624161073825492
09 0.06562499999999999 0.78125 0.03370689655172414 0.024956896551724173
03 0.77625 0.905 0.02499444444444432 0.03999444444444433
12 0.028124999999999997 0.084375 0.028738095238095236 0.03123809523809523
03 0.39499824438202247 0.30874999999999997 0.024996488764044922 0.014992977528089868
03 0.89625 0.28875 0.014995098039215726 0.01999509803921573
01 0.34750000000000003 0.40375 0.019956896551724113 0.019956896551724168
15 0.6625 0.8106249999999999 0.032478448275862215 0.026228448275862237
15 0.22875 0.9393750000000001 0.022386363636363676 0.008636363636363664
03 0.41500000000000004 0.310625 0.012485795454545479 0.031235795454545467
03 0.38 0.14937499999999998 0.014969512195121992 0.013719512195121936
08 0.234375 0.365 0.023732142857142813 0.027482142857142844
