00 0.259375 0.90875 0.021233552631578945 0.01748355263157897
06 0.8262499999999999 0.714375 0.03999161073825486 0.05124161073825495
03 0.34375 0.201875 0.07245689655172416 0.07370689655172413
06 0.426875 0.8925000000000001 0.006244444444444497 0.05999444444444435
03 0.00749702380952381 0.47624999999999995 0.01249404761904762 0.029988095238095258
01 0.5118750000000001 0.90875 0.03124297752808991 0.027492977528089768
04 0.93625 0.4975 0.01999509803921573 0.01999509803921573
04 0.14875 0.63625 0.02745689655172412 0.02745689655172412
03 0.3225 0.7725 0.0274784482758621 0.024978448275862264
03 0.764375 0.81375 0.02363636363636379 0.029886363636363766
08 0.18375000000000002 0.4225 0.03748579545454547 0.019985795454545485
