20 0.78 0.48624999999999996 0.03248355263157887 0.027483552631578922
03 0.33125 0.630625 0.01999161073825506 0.021241610738255035
13 0.665 0.731875 0.05245689655172414 0.053706896551724115
10 0.2125 0.76 0.022494444444444428 0.017494444444444368
10 0.08812500000000001 0.5475 0.028738095238095243 0.029988095238095314
16 0.128125 0.163125 0.043742977528089894 0.031242977528089855
03 0.120625 0.175 0.016245098039215672 0.0174950980392157
14 0.964375 0.12375 0.043706896551724106 0.032456896551724124
03 0.220625 0.08687500000000001 0.021228448275862066 0.023728448275862055
02 0.8049999999999999 0.44937499999999997 0.032386363636363824 0.023636363636363622
