09 0.037500000000000006 0.949375 0.01998355263157895 0.026233552631578894
20 0.23625000000000002 0.38749999999999996 0.022491610738255036 0.01749161073825506
13 0.6581250000000001 0.7237499999999999 0.0962068965517241 0.04245689655172413
20 0.64375 0.03875 0.022494444444444484 0.01999444444444444
18 0.77125 0.815625 0.017488095238095136 0.021238095238095167
14 0.054375 0.7731250000000001 0.016242977528089883 0.03374297752808986
19 0.820625 0.425 0.0162450980392157 0.027495098039215682
03 0.210625 0.0975 0.033706896551724125 0.032456896551724124
13 0.87375 0.845625 0.07747844827586226 0.03372844827586219
03 0.67875 0.9381250000000001 0.0173863636363637 0.016136363636363726
07 0.8812500000000001 0.7406250000000001 0.062485795454545356 0.041235795454545365
12 0.86 0.06562499999999999 0.029969512195122006 0.03621951219512194
06 0.2225 0.833125 0.019982142857142837 0.016232142857142806
