03 0.5831249999999999 0.9450000000000001 0.031233552631578898 0.04998355263157894
01 0.905625 0.42000000000000004 0.02374161073825487 0.022491610738255063
03 0.7050000000000001 0.604375 0.02495689655172406 0.03370689655172421
00 0.42125 0.061875 0.027494444444444488 0.018744444444444446
16 0.12625 0.8062499999999999 0.039988095238095225 0.054988095238095114
15 0.6325000000000001 0.423125 0.027492977528089768 0.01624297752808984
03 0.501875 0.11499999999999999 0.08874509803921565 0.04249509803921568
09 0.676875 0.454375 0.04370689655172422 0.04620689655172411
06 0.604375 0.33999999999999997 0.08872844827586213 0.062478448275862075
06 0.2893465909090909 0.28374999999999995 0.06119318181818184 0.11238636363636362
14 0.098125 0.09062500000000001 0.028735795454545465 0.03873579545454546
09 0.8868750000000001 0.27 0.03871951219512193 0.03246951219512201
