18 0.35062499999999996 0.681875 0.028733552631578896 0.031233552631578898
00 0.46375 0.385 0.04749161073825503 0.04749161073825503
05 0.553125 0.07874999999999999 0.046206896551724164 0.05495689655172413
03 0.625625 0.32125000000000004 0.051244444444444426 0.012494444444444475
03 0.5575 0.48624999999999996 0.05248809523809528 0.059988095238095285
01 0.19874999999999998 0.5393749999999999 0.022492977528089847 0.026242977528089795
18 0.111875 0.378125 0.028745098039215697 0.031245098039215713
10 0.37625 0.335625 0.044956896551724135 0.046206896551724164
03 0.110625 0.153125 0.02372844827586207 0.051228448275862065
12 0.28625 0.85375 0.04988636363636367 0.05488636363636368
02 0.603125 0.18312499999999998 0.051235795454545485 0.07873579545454548
