19 0.96375 0.430625 0.022483552631578974 0.031233552631578898
18 0.4075 0.03375 0.01749161073825506 0.019991610738255026
03 0.12125 0.630625 0.05495689655172413 0.028706896551724093
18 0.43562500000000004 0.9468749999999999 0.013744444444444504 0.016244444444444395
06 0.37 0.554375 0.06498809523809523 0.06373809523809526
03 0.43187324438202246 0.40812499999999996 0.04124648876404491 0.05124297752808987
03 0.598125 0.18 0.04374509803921567 0.022495098039215677
14 0.9706250000000001 0.7925 0.043706896551724106 0.022456896551724115
14 0.5918749999999999 0.42562500000000003 0.021228448275862122 0.03372844827586202
02 0.46565340909090913 0.42562500000000003 0.02619318181818181 0.013636363636363613
04 0.4275 0.13374999999999998 0.037485795454545445 0.02248579545454546
