03 0.9181250000000001 0.22875 0.061233552631578925 0.054983552631578975
05 0.981875 0.455625 0.028741610738254875 0.021241610738255035
20 0.985625 0.8631249999999999 0.01370689655172408 0.011206896551724133
10 0.48625 0.16875 0.01749444444444448 0.012494444444444447
03 0.04375 0.5743750000000001 0.029988095238095237 0.013738095238095327
03 0.28625 0.7250000000000001 0.014992977528089813 0.02499297752808982
05 0.6481250000000001 0.08687500000000001 0.02374509803921565 0.013745098039215684
04 0.79625 0.1375 0.019956896551724057 0.022456896551724143
00 0.839375 0.12687500000000002 0.0437284482758622 0.04622844827586206
08 0.479375 0.645 0.02113636363636362 0.04488636363636367
20 0.058124999999999996 0.17625000000000002 0.023735795454545454 0.02248579545454546
