13 0.675625 0.21625 0.11123355263157886 0.09998355263157899
05 0.14062709731543624 0.441875 0.04874580536912754 0.05874161073825507
15 0.35562499999999997 0.320625 0.05120689655172411 0.036206896551724155
20 0.705625 0.9168750000000001 0.041244444444444306 0.02874444444444435
03 0.7875 0.626875 0.09998809523809515 0.0562380952380952
03 0.058125 0.8525 0.05624297752808989 0.022492977528089875
11 0.228125 0.15812500000000002 0.051245098039215675 0.03624509803921569
04 0.70875 0.35562499999999997 0.04495689655172419 0.04370689655172416
03 0.47375 0.178125 0.05997844827586207 0.06872844827586205
03 0.5575000000000001 0.8131250000000001 0.022386363636363593 0.036136363636363744
