10 0.858125 0.5618749999999999 0.02873355263157895 0.02123355263157889
06 0.919375 0.549375 0.0587416107382549 0.11624161073825501
10 0.483125 0.31125 0.036206896551724155 0.024956896551724117
04 0.87125 0.8531249999999999 0.04499444444444434 0.03874444444444436
06 0.78 0.6375 0.12498809523809518 0.009988095238095185
03 0.6856249999999999 0.168125 0.07374297752808989 0.053742977528089875
13 0.7068749999999999 0.32562500000000005 0.05374509803921568 0.07124509803921569
20 0.61 0.0475 0.039956896551724075 0.039956896551724144
03 0.27125 0.250625 0.04247844827586206 0.041228448275862084
13 0.3825 0.356875 0.06988636363636358 0.0586363636363636
12 0.864375 0.545625 0.05123579545454526 0.061235795454545494
