17 0.331875 0.808125 0.04623355263157891 0.051233552631578916
03 0.094375 0.528125 0.011241610738255053 0.08374161073825503
14 0.8225 0.7675000000000001 0.039956896551724075 0.032456896551724124
03 0.1425 0.569375 0.05499444444444444 0.018744444444444563
08 0.81 0.3143720238095238 0.027488095238095034 0.051244047619047606
00 0.599375 0.518125 0.036242977528089915 0.026242977528089795
06 0.796876225490196 0.468125 0.06374754901960789 0.10124509803921566
05 0.210625 0.14625 0.023706896551724116 0.04745689655172412
08 0.4525 0.9468749999999999 0.049978448275862064 0.028728448275862184
07 0.31499999999999995 0.175625 0.09988636363636366 0.023636363636363678
06 0.32875 0.650625 0.03998579545454545 0.04623579545454548
