08 0.03812911184210527 0.7949999999999999 0.038741776315789477 0.022483552631578863
04 0.154375 0.85375 0.03624161073825505 0.03749161073825491
03 0.27625 0.21437499999999998 0.0749568965517241 0.05370689655172414
03 0.39 0.44999999999999996 0.04999444444444451 0.07749444444444448
12 0.631875 0.460625 0.0712380952380951 0.04373809523809524
11 0.17562499999999998 0.9425 0.03874297752808989 0.024992977528089932
15 0.083125 0.895625 0.041245098039215694 0.046245098039215726
04 0.934375 0.87625 0.0337068965517241 0.029956896551724177
06 0.65375 0.536875 0.032478448275862104 0.13122844827586205
03 0.3075 0.215625 0.05238636363636362 0.05863636363636368
18 0.281875 0.62875 0.02373579545454546 0.0249857954545456
14 0.9550000000000001 0.7875000000000001 0.04496951219512202 0.03496951219512201
01 0.90625 0.69625 0.019982142857142726 0.01748214285714289
03 0.30625 0.101875 0.062487499999999974 0.03873750000000002
