12 0.8 0.301875 0.05248355263157889 0.02873355263157895
15 0.42125 0.9056249999999999 0.024991610738255066 0.04874161073825489
04 0.56875 0.236875 0.029956896551724066 0.02870689655172412
05 0.559375 0.161875 0.016244444444444506 0.031244444444444464
04 0.2225 0.9724999999999999 0.029988095238095258 0.024988095238095087
15 0.23812499999999998 0.641875 0.028742977528089825 0.0312429775280898
01 0.649375 0.596875 0.013745098039215642 0.011245098039215695
04 0.061875 0.810625 0.026206896551724146 0.026206896551724146
06 0.315 0.6625000000000001 0.049978448275862064 0.0949784482758621
03 0.58125 0.275 0.014886363636363531 0.02238636363636365
03 0.37375 0.45875 0.03998579545454545 0.02498579545454549
03 0.32375 0.35125 0.019969512195121997 0.01746951219512194
10 0.53 0.8875 0.022482142857142784 0.019982142857142837
