03 0.095 0.951875 0.04248355263157895 0.0362335526315789
08 0.838125 0.678125 0.026241610738254817 0.013741610738254861
04 0.78375 0.8674999999999999 0.03495689655172407 0.029956896551724177
00 0.27937500000000004 0.933125 0.038744444444444415 0.033744444444444355
10 0.6925 0.9606250000000001 0.027488095238095145 0.021238095238095167
18 0.48749999999999993 0.721875 0.027492977528089824 0.028742977528089853
18 0.954375 0.5606249999999999 0.021245098039215704 0.02374509803921565
13 0.899375 0.12625 0.1012068965517241 0.09745689655172414
03 0.19375 0.85375 0.05747844827586207 0.04497844827586217
02 0.045 0.64875 0.044886363636363634 0.04488636363636367
07 0.503125 0.705 0.04373579545454548 0.027485795454545325
03 0.495625 0.519375 0.051219512195122 0.10621951219512199
20 0.06 0.268125 0.017482142857142856 0.01373214285714286
