08 0.63 0.27625 0.019983552631578805 0.039983552631578934
08 0.46749790268456376 0.098125 0.029995805369127493 0.03874161073825505
04 0.2325 0.911875 0.034956896551724126 0.03120689655172404
03 0.319375 0.323125 0.07624444444444445 0.09374444444444446
03 0.141875 0.59125 0.036238095238095236 0.054988095238095336
20 0.4225 0.669375 0.024992977528089877 0.026242977528089795
20 0.47875 0.341875 0.027495098039215682 0.02624509803921571
03 0.285 0.794375 0.04245689655172413 0.05620689655172406
08 0.05875 0.19125 0.019978448275862058 0.039978448275862055
14 0.1175 0.16625 0.032386363636363644 0.029886363636363655
07 0.45687500000000003 0.3325 0.021235795454545514 0.027485795454545492
