06 0.146875 0.9593708881578946 0.048733552631578955 0.028741776315789447
18 0.008125 0.696875 0.011241610738255033 0.013741610738254861
06 0.4875 0.698125 0.04495689655172408 0.04120689655172405
04 0.7875000000000001 0.7112499999999999 0.019994444444444315 0.019994444444444315
03 0.285625 0.5549999999999999 0.013738095238095271 0.02498809523809531
10 0.513125 0.0675 0.023742977528089848 0.017492977528089884
18 0.04625 0.965 0.014995098039215692 0.017495098039215673
03 0.02 0.76625 0.024956896551724138 0.024956896551724173
03 0.459375 0.451875 0.031228448275862075 0.023728448275862013
03 0.238125 0.171875 0.018636363636363673 0.03363636363636366
09 0.065625 0.83 0.026235795454545442 0.017485795454545316
03 0.7262500000000001 0.81875 0.022469512195122054 0.012469512195121935
03 0.910625 0.26 0.026232142857142815 0.01248214285714283
20 0.968125 0.20875 0.008737500000000065 0.007487500000000008
