19 0.7725 0.47625 0.04248355263157888 0.039983552631578934
03 0.91625 0.708125 0.042491610738254915 0.018741610738254977
15 0.043125000000000004 0.133125 0.03620689655172414 0.03870689655172413
20 0.83 0.2625 0.04499444444444434 0.029994444444444435
09 0.31125 0.80625 0.03748809523809532 0.037488095238095154
04 0.10125 0.840625 0.039992977528089876 0.0212429775280899
15 0.25687499999999996 0.7737499999999999 0.03624509803921566 0.03499509803921563
20 0.16 0.72375 0.032456896551724124 0.029956896551724066
20 0.92125 0.226875 0.03497844827586216 0.02372844827586207
03 0.644375 0.26 0.03113636363636374 0.027386363636363653
03 0.284375 0.11375 0.03623579545454547 0.04748579545454548
06 0.193125 0.02375 0.11871951219512197 0.03246951219512195
06 0.9225 0.77875 0.07498214285714289 0.06248214285714282
03 0.684375 0.36625 0.02123750000000002 0.05248750000000002
