02 0.500625 0.5700000000000001 0.013733552631578883 0.047483552631578996
20 0.614375 0.8831249999999999 0.02624161073825504 0.018741610738254866
14 0.50125 0.5700000000000001 0.039956896551724075 0.02495689655172406
06 0.1299986111111111 0.35250000000000004 0.022497222222222224 0.06749444444444447
01 0.858125 0.260625 0.013738095238095105 0.013738095238095271
14 0.840625 0.04375 0.05874297752808977 0.027492977528089886
09 0.32999999999999996 0.75 0.01499509803921567 0.02999509803921563
08 0.796875 0.358125 0.01370689655172419 0.04370689655172416
02 0.096875 0.610625 0.021228448275862066 0.05122844827586204
10 0.101875 0.12437500000000001 0.023636363636363636 0.023636363636363636
11 0.486875 0.4325 0.026235795454545463 0.02498579545454549
07 0.22312500000000002 0.050625 0.04371951219512196 0.026219512195121954
