06 0.8206249999999999 0.7768708881578947 0.18873355263157887 0.048741776315789465
07 0.40249790268456376 0.57625 0.1074958053691275 0.06749161073825505
03 0.2825 0.14625 0.1349568965517241 0.08495689655172414
20 0.350625 0.6356249999999999 0.06624444444444444 0.043744444444444475
06 0.455625 0.1825 0.13123809523809526 0.08748809523809523
20 0.074375 0.65125 0.06624297752808989 0.049992977528089844
06 0.763125 0.40812499999999996 0.14374509803921576 0.0812450980392157
03 0.13125 0.304375 0.11245689655172415 0.09870689655172415
05 0.85375 0.123125 0.057478448275862126 0.09622844827586205
19 0.6625000000000001 0.341875 0.06238636363636363 0.07363636363636361
07 0.28625 0.034999999999999996 0.17998579545454543 0.04498579545454545
09 0.16062500000000002 0.9043749999999999 0.07121951219512196 0.09871951219512198
03 0.236875 0.28125 0.04873214285714281 0.05498214285714287
