03 0.498125 0.62125 0.08623355263157884 0.04498355263157894
03 0.101875 0.28 0.028741610738255055 0.029991610738255015
09 0.396875 0.739375 0.023706896551724144 0.03370689655172421
04 0.965625 0.036250000000000004 0.02874444444444435 0.03749444444444445
06 0.75 0.115625 0.037488095238095154 0.08123809523809523
08 0.838125 0.6956249999999999 0.026242977528089906 0.04874297752808976
02 0.19687500000000002 0.296875 0.0462450980392157 0.02374509803921565
03 0.203125 0.41000000000000003 0.03370689655172415 0.014956896551724108
08 0.933125 0.410625 0.03372844827586219 0.03372844827586208
03 0.5525 0.60625 0.03988636363636355 0.027386363636363598
08 0.3568785511363637 0.26625 0.02874289772727273 0.047485795454545454
