14 0.598125 0.36624999999999996 0.06373355263157887 0.04748355263157894
14 0.3325 0.7925 0.06249161073825504 0.05499161073825487
18 0.395625 0.854375 0.03120689655172415 0.03370689655172421
08 0.308125 0.7887500000000001 0.05374444444444443 0.04499444444444445
06 0.3125029761904762 0.76875 0.04999404761904763 0.09998809523809504
08 0.920625 0.23312499999999997 0.03874297752808986 0.04874297752808984
08 0.723125 0.575 0.04374509803921567 0.06499509803921566
04 0.8487499999999999 0.254375 0.04245689655172413 0.04620689655172411
06 0.55125 0.09562499999999999 0.08747844827586204 0.08122844827586205
11 0.49374999999999997 0.90625 0.04488636363636356 0.039886363636363775
08 0.44875 0.556875 0.019985795454545485 0.05873579545454555
06 0.578125 0.805625 0.11121951219512205 0.07371951219512196
03 0.299375 0.1725 0.0737321428571428 0.03748214285714285
03 0.94375 0.7725 0.05248750000000002 0.0849875
