04 0.21375 0.335625 0.034983552631578985 0.026233552631578894
06 0.3225 0.77625 0.04999161073825503 0.022491610738254897
03 0.9181250000000001 0.075 0.043706896551724106 0.017456896551724138
11 0.6825 0.838125 0.029994444444444435 0.033744444444444355
08 0.889375 0.88625 0.058738095238095145 0.02248809523809514
03 0.559375 0.51125 0.016242977528089786 0.04749297752808984
14 0.764375 0.515 0.03374509803921566 0.027495098039215682
01 0.8587499999999999 0.958125 0.022456896551724115 0.02120689655172403
14 0.9199999999999999 0.9225 0.024978448275862264 0.06747844827586214
15 0.079375 0.9225 0.013636363636363641 0.02738636363636382
18 0.22062500000000002 0.716875 0.02373579545454549 0.026235795454545352
18 0.03625 0.2875 0.01996951219512195 0.024969512195121946
08 0.923125 0.059375 0.04873214285714278 0.026232142857142843
07 0.7581249999999999 0.136875 0.036237500000000034 0.03873750000000002
