03 0.8087500000000001 0.15500000000000003 0.04998355263157894 0.029983552631578952
11 0.793125 0.48812500000000003 0.021241610738254924 0.018741610738255032
02 0.59875 0.06812499999999999 0.01745689655172411 0.031206896551724136
03 0.115625 0.495625 0.02624444444444446 0.02874444444444446
17 0.5075000000000001 0.45687500000000003 0.027488095238095256 0.03373809523809529
04 0.74875 0.175 0.02749297752808988 0.02749297752808985
04 0.6387499999999999 0.76 0.01999509803921573 0.017495098039215673
15 0.27249999999999996 0.786875 0.019956896551724113 0.03370689655172421
01 0.901875 0.44937499999999997 0.01372844827586217 0.011228448275862057
08 0.73875 0.9706250000000001 0.03738636363636372 0.03863636363636369
03 0.285625 0.054375 0.028735795454545465 0.031235795454545454
03 0.699375 0.155625 0.018719512195122023 0.036219512195121956
10 0.391875 0.116875 0.023732142857142813 0.02373214285714287
08 0.4425 0.179375 0.03998750000000001 0.036237500000000006
