06 0.7731291118421053 0.49624999999999997 0.07374177631578949 0.057483552631578894
08 0.660625 0.1125 0.05124161073825506 0.04249161073825505
11 0.8843749999999999 0.306875 0.023706896551724088 0.02120689655172414
03 0.7725 0.743125 0.007494444444444359 0.033744444444444355
06 0.733125 0.78375 0.10373809523809507 0.05998809523809523
03 0.52125 0.3925 0.03249297752808977 0.01749297752808987
13 0.745625 0.6956249999999999 0.04124509803921572 0.038745098039215775
05 0.686875 0.5843750000000001 0.016206896551724137 0.0337068965517241
00 0.295625 0.9337500000000001 0.023728448275862013 0.014978448275862255
03 0.613125 0.06812499999999999 0.016136363636363615 0.021136363636363634
00 0.150625 0.9875 0.03373579545454547 0.019985795454545374
02 0.949375 0.19625 0.051219512195122 0.06496951219512198
