09 0.5562499999999999 0.50875 0.029983552631578925 0.027483552631578922
10 0.74625 0.620625 0.042491610738254915 0.028741610738254986
04 0.869375 0.441875 0.026206896551724146 0.031206896551724095
08 0.10625 0.603125 0.019994444444444454 0.036244444444444524
03 0.756875 0.4275 0.021238095238095167 0.019988095238095305
15 0.8731249999999999 0.765625 0.011242977528089892 0.026242977528089906
11 0.72625 0.919375 0.027495098039215682 0.02374509803921565
18 0.393125 0.924375 0.018706896551724084 0.02120689655172414
01 0.4525 0.135625 0.019978448275862037 0.016228448275862062
03 0.68875 0.218125 0.029886363636363766 0.05613636363636368
20 0.8456250000000001 0.33625 0.013735795454545285 0.009985795454545476
