07 0.343125 0.5787458881578946 0.09373355263157895 0.04999177631578944
13 0.71 0.9525 0.034991610738254963 0.03499161073825485
00 0.204375 0.7675000000000001 0.028706896551724148 0.019956896551724168
13 0.7812513888888889 0.69875 0.0674972222222221 0.05749444444444429
19 0.9275 0.4675 0.02248809523809514 0.024988095238095254
03 0.1325 0.8512500000000001 0.054992977528089876 0.02499297752808982
07 0.168125 0.77875 0.05874509803921568 0.03749509803921569
09 0.021875 0.469375 0.02620689655172414 0.03370689655172415
07 0.8775 0.32375 0.024978448275862264 0.04747844827586206
19 0.45999999999999996 0.44 0.034886363636363604 0.022386363636363593
