00 0.47687500000000005 0.22375 0.028733552631578896 0.027483552631578978
18 0.5975 0.90875 0.024991610738255066 0.0274916107382549
03 0.26875 0.423125 0.04245689655172413 0.05120689655172411
06 0.27749999999999997 0.241875 0.04499444444444439 0.09874444444444441
00 0.22562500000000002 0.6625 0.04373809523809527 0.037488095238095154
00 0.7593749999999999 0.38375000000000004 0.03374297752808986 0.027492977528089824
00 0.1725 0.2875 0.04499509803921567 0.032495098039215686
20 0.52625 0.020624999999999998 0.014956896551724164 0.016206896551724137
13 0.798125 0.225 0.10122844827586219 0.04747844827586206
01 0.5587500000000001 0.5825 0.04238636363636361 0.037386363636363606
05 0.66875 0.648125 0.04248579545454534 0.02123579545454546
06 0.95625 0.098125 0.012469512195122046 0.09371951219512195
04 0.454375 0.8275 0.038732142857142826 0.032482142857142904
14 0.426875 0.28500000000000003 0.0637375 0.0299875
