03 0.035 0.871875 0.047483552631578954 0.04623355263157891
04 0.81875 0.924375 0.052491610738254924 0.03624161073825494
08 0.343125 0.9650000000000001 0.09620689655172415 0.032456896551724124
01 0.410625 0.835 0.031244444444444464 0.03249444444444438
01 0.7825 0.7381249999999999 0.04998809523809511 0.031238095238095176
11 0.83375 0.406875 0.049992977528089844 0.028742977528089853
03 0.74375 0.07875 0.034995098039215744 0.06499509803921569
15 0.355 0.16812500000000002 0.04745689655172414 0.031206896551724123
18 0.275625 0.076875 0.028728448275862073 0.031228448275862068
06 0.389375 0.375625 0.04113636363636358 0.013636363636363613
08 0.9175 0.22312500000000002 0.05248579545454535 0.04123579545454545
09 0.93625 0.453125 0.04246951219512196 0.051219512195122
03 0.76 0.905625 0.04248214285714291 0.03873214285714277
