02 0.2512541118421052 0.20500000000000002 0.02499177631578947 0.06998355263157899
08 0.1 0.6225 0.009991610738255038 0.034991610738254963
01 0.174375 0.078125 0.03620689655172413 0.026206896551724132
04 0.3075 0.8187500000000001 0.0399944444444445 0.027494444444444377
04 0.788125 0.68375 0.03373809523809512 0.037488095238095154
20 0.78 0.169375 0.022492977528089875 0.018742977528089844
12 0.161875 0.051250000000000004 0.028745098039215683 0.044995098039215684
07 0.503125 0.41625 0.06620689655172407 0.05245689655172414
03 0.8043750000000001 0.879375 0.13122844827586222 0.07872844827586223
01 0.128125 0.8612500000000001 0.018636363636363645 0.0173863636363637
08 0.3025 0.429375 0.029985795454545494 0.051235795454545485
10 0.02625 0.7625 0.02246951219512195 0.019969512195121997
15 0.7806249999999999 0.854375 0.04123214285714283 0.043732142857142886
13 0.145625 0.26875 0.07373750000000001 0.07498749999999998
