00 0.47625 0.950625 0.019983552631578916 0.018733552631578942
01 0.051875000000000004 0.14687499999999998 0.011241610738255033 0.011241610738255053
03 0.855 0.37124999999999997 0.03745689655172413 0.024956896551724117
08 0.326875 0.294375 0.01624444444444445 0.018744444444444452
03 0.2825 0.55625 0.032488095238095316 0.03998809523809532
08 0.14375 0.16874999999999998 0.009992977528089891 0.019992977528089872
06 0.8712512254901961 0.48187500000000005 0.0474975490196079 0.07124509803921569
18 0.159375 0.78375 0.013706896551724107 0.014956896551724053
20 0.6174999999999999 0.77 0.014978448275862033 0.0174784482758622
03 0.16062500000000002 0.8243750000000001 0.013636363636363641 0.016136363636363726
