18 0.12 0.2025 0.029983552631578925 0.032483552631578955
06 0.6568749999999999 0.963125 0.03374161073825499 0.046241610738254835
03 0.754375 0.9199999999999999 0.043706896551724106 0.09495689655172412
08 0.034375 0.8218749999999999 0.048744444444444444 0.05874444444444438
18 0.134375 0.021875 0.026238095238095227 0.02873809523809524
07 0.443125 0.791875 0.03874297752808986 0.0937429775280898
18 0.153125 0.778125 0.028745098039215683 0.031245098039215713
06 0.784375 0.58 0.018706896551724195 0.03745689655172413
05 0.611875 0.05875 0.04872844827586198 0.039978448275862076
03 0.5075 0.673125 0.027386363636363542 0.036136363636363744
