12 0.17875000000000002 0.52625 0.09748355263157896 0.06998355263157885
18 0.1225 0.05125 0.029991610738255056 0.03249161073825503
13 0.785 0.5725 0.07745689655172416 0.07995689655172411
20 0.034374999999999996 0.87 0.026244444444444442 0.017494444444444257
11 0.9481250000000001 0.38875000000000004 0.04373809523809513 0.024988095238095254
10 0.10625 0.040625 0.06999297752808989 0.051242977528089886
06 0.318125 0.234375 0.13874509803921573 0.05374509803921568
05 0.5324892241379311 0.8668750000000001 0.05497844827586207 0.023706896551724088
07 0.59375 0.05875 0.024978448275862153 0.062478448275862075
04 0.9624999999999999 0.78 0.04488636363636378 0.029886363636363766
00 0.151875 0.36187499999999995 0.03373579545454547 0.028735795454545465
20 0.9299999999999999 0.54625 0.05496951219512203 0.04996951219512202
00 0.511875 0.113125 0.036232142857142824 0.03623214285714288
03 0.6387499999999999 0.8062499999999999 0.02498750000000005 0.05998749999999997
