20 0.734375 0.019999999999999997 0.033733552631578956 0.022483552631578946
14 0.903125 0.27749999999999997 0.09124161073825487 0.04499161073825503
08 0.74125 0.8362499999999999 0.03745689655172413 0.06245689655172415
12 0.5525 0.88125 0.07999444444444448 0.09749444444444433
20 0.89 0.04625 0.037488095238095154 0.027488095238095228
02 0.08875 0.0575 0.09249297752808988 0.05749297752808989
05 0.62 0.7893749999999999 0.05499509803921576 0.028745098039215766
03 0.239375 0.291875 0.11120689655172411 0.04870689655172411
15 0.815 0.326875 0.02747844827586221 0.06372844827586205
03 0.26375 0.22125 0.06488636363636366 0.13238636363636366
