08 0.669375 0.47625 0.018733552631578942 0.02498355263157892
06 0.84125 0.7093750000000001 0.024991610738254955 0.018741610738254866
03 0.399375 0.833125 0.016206896551724137 0.0237068965517242
07 0.33875 0.93875 0.07749444444444448 0.012494444444444364
15 0.50375 0.7849999999999999 0.032488095238095316 0.02248809523809514
01 0.30562500000000004 0.22375 0.021242977528089846 0.014992977528089868
08 0.66125 0.315 0.014995098039215726 0.02999509803921574
12 0.756875 0.161875 0.04870689655172411 0.04870689655172414
14 0.443125 0.556875 0.03872844827586208 0.018728448275862064
10 0.81 0.246875 0.0173863636363637 0.018636363636363673
03 0.0925 0.4875 0.07498579545454546 0.05998579545454541
02 0.479375 0.91625 0.03371951219512198 0.02746951219512206
