03 0.36624999999999996 0.044375 0.017483552631578914 0.038733552631578946
03 0.47562499999999996 0.299375 0.016241610738255086 0.013741610738255083
20 0.18312499999999998 0.920625 0.02870689655172412 0.028706896551724093
03 0.5393749999999999 0.366875 0.026244444444444404 0.036244444444444524
09 0.275625 0.6575 0.013738095238095271 0.037488095238095154
03 0.675625 0.24875000000000003 0.04124297752808981 0.029992977528089854
09 0.02875 0.749375 0.024995098039215687 0.018745098039215646
03 0.625625 0.59375 0.016206896551724137 0.06495689655172421
15 0.8356303879310345 0.03249461206896552 0.011239224137931103 0.007489224137931034
03 0.23249999999999998 0.6356250000000001 0.019886363636363674 0.016136363636363726
