03 0.44312911184210524 0.96875 0.026241776315789445 0.027483552631578867
13 0.848125 0.5925 0.018741610738254977 0.08749161073825507
12 0.22749999999999998 0.318125 0.014956896551724136 0.01870689655172414
18 0.744375 0.6781250000000001 0.013744444444444337 0.016244444444444395
08 0.49312500000000004 0.8200000000000001 0.013738095238095271 0.034988095238095096
03 0.87625 0.28125 0.01749297752808987 0.02749297752808988
06 0.73 0.044375 0.03749509803921569 0.06374509803921569
13 0.736260775862069 0.8987499999999999 0.022478448275862095 0.07245689655172416
19 0.9125 0.5387500000000001 0.01997844827586226 0.022478448275862095
10 0.32687499999999997 0.298125 0.013636363636363669 0.01613636363636367
