03 0.7175 0.84375 0.037483552631578876 0.03998355263157882
19 0.894375 0.27125 0.03374161073825488 0.03999161073825508
03 0.62375 0.06625 0.014956896551724164 0.01245689655172414
03 0.27249999999999996 0.6012500000000001 0.027494444444444432 0.02499444444444443
03 0.463125 0.629375 0.021238095238095278 0.021238095238095278
03 0.491875 0.121875 0.07374297752808989 0.046242977528089896
02 0.31625000000000003 0.16125 0.019995098039215675 0.0449950980392157
08 0.6912499999999999 0.055625 0.012456896551724106 0.013706896551724149
03 0.7012499999999999 0.33125 0.039978448275862166 0.03497844827586205
09 0.475 0.031875 0.022386363636363593 0.031136363636363632
08 0.5743750000000001 0.441875 0.026235795454545463 0.038735795454545474
06 0.85375 0.673125 0.082469512195122 0.013719512195122019
03 0.15749999999999997 0.90125 0.019982142857142865 0.029982142857142735
04 0.064375 0.574375 0.0312375 0.023737499999999967
