04 0.32687499999999997 0.9299999999999999 0.023733552631578947 0.019983552631578916
01 0.97875 0.11875 0.022491610738254897 0.019991610738255047
00 0.963125 0.7525 0.0237068965517242 0.014956896551724053
03 0.5175000000000001 0.36 0.02499444444444443 0.012494444444444475
03 0.69625 0.79 0.024988095238095087 0.034988095238095096
06 0.59625 0.5974999999999999 0.04249297752808989 0.04499297752808984
00 0.08125 0.659375 0.029995098039215684 0.02374509803921565
18 0.7418750000000001 0.08625 0.018706896551724195 0.022456896551724143
03 0.5549999999999999 0.618125 0.029978448275862157 0.028728448275862073
14 0.546875 0.698096590909091 0.031136363636363518 0.026193181818181865
14 0.771875 0.354375 0.026235795454545352 0.05623579545454549
