00 0.29374999999999996 0.584375 0.05748355263157895 0.03873355263157885
01 0.379375 0.235 0.031241610738255043 0.022491610738255036
12 0.105625 0.06 0.05370689655172413 0.05745689655172414
06 0.039375 0.839375 0.07124444444444444 0.033744444444444355
02 0.7887500000000001 0.636875 0.04998809523809522 0.07873809523809516
06 0.840625 0.813125 0.05124297752808993 0.16124297752808991
08 0.96375 0.37625 0.024995098039215735 0.0449950980392157
03 0.34875 0.930625 0.08245689655172417 0.0387068965517241
01 0.673125 0.395625 0.026228448275862237 0.016228448275862062
03 0.06625 0.186875 0.04488636363636363 0.07113636363636366
17 0.6312499999999999 0.806875 0.06998579545454542 0.07123579545454528
