07 0.36125 0.765625 0.05248355263157889 0.07623355263157894
03 0.109375 0.146875 0.07374161073825503 0.03624161073825505
10 0.361875 0.8731249999999999 0.05120689655172417 0.03120689655172415
09 0.274375 0.57125 0.0562444444444444 0.05999444444444446
14 0.2125 0.77 0.047488095238095274 0.0874880952380952
02 0.920625 0.828125 0.11624297752808987 0.08124297752808984
18 0.28374999999999995 0.09875 0.03499509803921569 0.03749509803921569
03 0.3575 0.40437500000000004 0.06245689655172415 0.04620689655172411
14 0.9425 0.505625 0.03997844827586228 0.0662284482758621
12 0.215625 0.9025 0.07113636363636366 0.12488636363636374
02 0.9824999999999999 0.03625 0.029985795454545383 0.032485795454545455
