03 0.37375 0.9212499999999999 0.07498355263157891 0.05248355263157889
15 0.265 0.33187500000000003 0.05499161073825504 0.08124161073825503
09 0.563125 0.661875 0.0387068965517241 0.04120689655172405
05 0.93875 0.052500000000000005 0.029994444444444324 0.05999444444444446
14 0.953125 0.321875 0.07623809523809522 0.05373809523809531
03 0.34125 0.62375 0.05499297752808985 0.05499297752808985
03 0.7393762254901961 0.8525 0.036247549019607805 0.05749509803921571
03 0.245 0.18 0.02745689655172412 0.06495689655172412
02 0.7931250000000001 0.5325 0.06872844827586222 0.07997844827586204
03 0.341875 0.123125 0.04863636363636359 0.06113636363636363
03 0.16125 0.936875 0.049985795454545456 0.08123579545454529
