08 0.28125 0.906875 0.02498355263157892 0.07623355263157894
04 0.181875 0.143125 0.043741610738255055 0.02874161073825504
03 0.23062500000000002 0.04875 0.03620689655172413 0.044956896551724135
11 0.6387499999999999 0.955625 0.039994444444444444 0.031244444444444297
20 0.046875 0.8175 0.03123809523809523 0.02248809523809503
03 0.493125 0.746875 0.05624297752808982 0.12374297752808994
06 0.649375 0.9281250000000001 0.09124509803921566 0.04124509803921572
03 0.68375 0.506875 0.05995689655172409 0.0387068965517241
20 0.765625 0.411875 0.03372844827586219 0.028728448275862073
20 0.21125 0.5037499999999999 0.017386363636363672 0.012386363636363584
14 0.75875 0.44875 0.037485795454545334 0.049985795454545456
06 0.841875 0.255 0.02121951219512197 0.10496951219512196
