12 0.4775 0.530625 0.06498355263157884 0.08373355263157883
10 0.45 0.28625 0.024991610738255066 0.027491610738255012
00 0.165 0.258125 0.04245689655172413 0.0387068965517241
06 0.36 0.14625 0.01749444444444448 0.11749444444444446
04 0.38687499999999997 0.7887500000000001 0.038738095238095294 0.034988095238095096
06 0.07999999999999999 0.7275 0.08999297752808988 0.04499297752808984
04 0.421875 0.2525 0.038745098039215664 0.032495098039215686
05 0.79875 0.0325 0.01745689655172411 0.04495689655172414
14 0.83375 0.460625 0.03747844827586222 0.03372844827586208
16 0.25875000000000004 0.785625 0.03738636363636366 0.06363636363636371
12 0.135625 0.84125 0.04623579545454547 0.0499857954545454
