01 0.71625 0.421875 0.03748355263157899 0.0362335526315789
02 0.321875 0.30125 0.03624161073825505 0.08749161073825507
11 0.443125 0.188125 0.05870689655172412 0.04120689655172413
19 0.855625 0.693125 0.0212444444444444 0.01874444444444434
20 0.405 0.548125 0.04498809523809527 0.041238095238095296
03 0.690625 0.719375 0.04624297752808981 0.05624297752808993
08 0.038125 0.86375 0.05624509803921569 0.06749509803921572
04 0.471875 0.33625 0.053706896551724115 0.04245689655172413
06 0.26438038793103447 0.24 0.14873922413793103 0.16247844827586208
04 0.4375 0.9393750000000001 0.05988636363636357 0.04613636363636375
20 0.463125 0.875 0.038735795454545474 0.029985795454545272
