03 0.893125 0.809375 0.033733552631578845 0.04623355263157891
14 0.5125 0.6231249999999999 0.04999161073825509 0.038741610738254995
03 0.271875 0.46125000000000005 0.028706896551724148 0.034956896551724126
06 0.91125 0.9256249999999999 0.019994444444444426 0.09124444444444435
02 0.48 0.9137500000000001 0.029988095238095258 0.0824880952380952
03 0.576875 0.11562499999999999 0.028742977528089853 0.02874297752808988
08 0.5825 0.736875 0.05499509803921576 0.028745098039215766
01 0.273125 0.068125 0.026206896551724146 0.018706896551724146
09 0.28625 0.79125 0.03497844827586205 0.04497844827586217
04 0.15250000000000002 0.063125 0.037386363636363634 0.038636363636363635
06 0.699375 0.04875 0.008735795454545281 0.03498579545454545
06 0.83125 0.050624999999999996 0.024969512195122 0.038719512195121944
10 0.78875 0.24 0.02498214285714284 0.02498214285714284
09 0.6131249999999999 0.645 0.016237500000000016 0.03498749999999995
