20 0.843125 0.255625 0.0362335526315789 0.026233552631578977
01 0.4925 0.03625 0.022491610738255008 0.01999161073825503
03 0.731875 0.39937500000000004 0.043706896551724106 0.02620689655172409
08 0.8225 0.759375 0.022494444444444373 0.06624444444444433
03 0.748125 0.5025 0.058738095238095145 0.01998809523809525
03 0.109375 0.65375 0.06124297752808988 0.04249297752808989
14 0.53125 0.83 0.034995098039215744 0.0474950980392157
12 0.398125 0.2325 0.043706896551724106 0.044956896551724135
20 0.3175 0.30937499999999996 0.03497844827586205 0.03622844827586208
09 0.156875 0.855 0.028636363636363654 0.049886363636363784
04 0.258125 0.2975 0.04873579545454543 0.027485795454545492
07 0.105625 0.82375 0.01871951219512194 0.06996951219512204
