05 0.091875 0.06875 0.02873355263157895 0.019983552631578957
03 0.636875 0.97875 0.028741610738254986 0.022491610738254897
02 0.73 0.53625 0.03745689655172413 0.05245689655172403
04 0.868125 0.425 0.031244444444444297 0.027494444444444488
03 0.9237500000000001 0.3725 0.03248809523809515 0.047488095238095274
00 0.58 0.231875 0.029992977528089826 0.028742977528089853
18 0.5975 0.7437499999999999 0.017495098039215673 0.01999509803921573
03 0.255625 0.38749999999999996 0.021206896551724114 0.024956896551724117
15 0.12875 0.325625 0.024978448275862056 0.04122844827586203
07 0.75875 0.51125 0.012386363636363806 0.07238636363636353
14 0.049999999999999996 0.45499999999999996 0.03498579545454546 0.03498579545454544
03 0.9212499999999999 0.469375 0.047469512195121966 0.028719512195121977
03 0.09187500000000001 0.026875000000000003 0.04873214285714285 0.026232142857142857
