13 0.83 0.5549999999999999 0.047483552631578885 0.04998355263157894
04 0.829375 0.06625 0.03374161073825488 0.029991610738255042
14 0.746875 0.16812500000000002 0.028706896551724204 0.03620689655172413
14 0.27875000000000005 0.295625 0.017494444444444424 0.053744444444444484
03 0.894375 0.22375 0.016238095238095163 0.027488095238095256
05 0.46875 0.5825 0.029992977528089826 0.022492977528089875
03 0.961251225490196 0.95375 0.039997549019607836 0.027495098039215682
03 0.665 0.8674999999999999 0.04245689655172413 0.032456896551724124
15 0.70625 0.320625 0.032478448275862215 0.03372844827586208
00 0.936875 0.81875 0.028636363636363793 0.029886363636363766
02 0.19 0.559375 0.04248579545454545 0.023735795454545516
18 0.78625 0.81125 0.019969512195121997 0.022469512195121943
