03 0.70375 0.811875 0.08498355263157897 0.04873355263157886
00 0.040624999999999994 0.7975 0.043741610738255034 0.042491610738254915
12 0.941875 0.2875 0.05120689655172406 0.04995689655172414
14 0.6124999999999999 0.160625 0.07249444444444442 0.051244444444444426
06 0.2931279761904762 0.5987499999999999 0.02624404761904764 0.12498809523809518
10 0.19624999999999998 0.41000000000000003 0.04499297752808987 0.03249297752808983
03 0.556875 0.9025000000000001 0.05374509803921568 0.032495098039215686
20 0.9081250000000001 0.18937500000000002 0.028706896551724204 0.023706896551724116
20 0.056874999999999995 0.573125 0.02372844827586206 0.016228448275862117
01 0.09062500000000001 0.799375 0.053636363636363635 0.04113636363636364
08 0.77125 0.186875 0.019985795454545263 0.07123579545454548
10 0.924375 0.774375 0.04121951219512188 0.03871951219512193
03 0.53125 0.19 0.08248214285714278 0.03748214285714285
12 0.09625 0.106875 0.08248749999999999 0.04623750000000003
