19 0.90625 0.234375 0.029983552631578814 0.016233552631578996
05 0.7168749999999999 0.13 0.026241610738254928 0.024991610738255066
06 0.4575 0.753125 0.02995689655172412 0.011206896551724133
03 0.09312500000000001 0.7124999999999999 0.036244444444444454 0.017494444444444368
18 0.671875 0.021875 0.013738095238095216 0.01623809523809524
18 0.353125 0.926875 0.01624297752808984 0.018742977528089844
03 0.713125 0.5606249999999999 0.031245098039215602 0.04374509803921567
07 0.6212500000000001 0.12937500000000002 0.012456896551724106 0.056206896551724145
03 0.49312500000000004 0.78375 0.02872844827586213 0.024978448275862264
01 0.58625 0.45875 0.027386363636363598 0.027386363636363598
18 0.825 0.325625 0.014985795454545259 0.018735795454545512
12 0.35125 0.4275 0.029969512195122006 0.03246951219512195
03 0.33875 0.9293750000000001 0.02498214285714284 0.02123214285714281
