06 0.905 0.13125 0.017483552631578858 0.11748355263157896
03 0.099375 0.933125 0.04374161073825503 0.04124161073825494
03 0.155625 0.309375 0.031206896551724123 0.07370689655172413
00 0.9450000000000001 0.6018749999999999 0.02499444444444443 0.026244444444444404
15 0.945 0.8887499999999999 0.017488095238095136 0.07248809523809518
03 0.28125 0.9750000000000001 0.03499297752808983 0.022492977528089875
03 0.15125 0.13375 0.027495098039215682 0.08499509803921569
20 0.559375 0.6581250000000001 0.028706896551724204 0.023706896551724088
06 0.28312499999999996 0.150625 0.016228448275862062 0.10122844827586205
15 0.915 0.9237500000000001 0.014886363636363753 0.03488636363636377
03 0.085625 0.52125 0.028735795454545465 0.05248579545454546
07 0.53375 0.34625 0.04496951219512202 0.04496951219512202
18 0.49 0.468125 0.02248214285714284 0.026232142857142815
