03 0.87 0.840625 0.03248355263157898 0.033733552631578845
18 0.22999999999999998 0.47125 0.022491610738255036 0.024991610738255066
15 0.78375 0.661875 0.029956896551724177 0.06870689655172413
05 0.930625 0.053125000000000006 0.031244444444444297 0.04124444444444445
14 0.556875 0.818125 0.05373809523809525 0.03373809523809512
14 0.9606250000000001 0.629375 0.023742977528089848 0.043742977528089866
01 0.9275 0.94375 0.032495098039215686 0.024995098039215735
03 0.5137499999999999 0.049375 0.0649568965517241 0.038706896551724136
05 0.47375 0.6231249999999999 0.04247844827586206 0.02372844827586207
06 0.9587784090909091 0.9312499999999999 0.03494318181818179 0.03738636363636372
