13 0.94875 0.6325000000000001 0.05998355263157884 0.01748355263157897
03 0.45625000000000004 0.73375 0.027491610738255068 0.03499161073825485
03 0.878125 0.060625 0.02120689655172414 0.028706896551724148
07 0.6225 0.026250000000000002 0.014994444444444421 0.019994444444444443
02 0.10875 0.38187499999999996 0.034988095238095235 0.036238095238095236
03 0.7225 0.44125000000000003 0.019992977528089817 0.034992977528089886
20 0.6225 0.446875 0.012495098039215669 0.011245098039215695
04 0.455625 0.6599999999999999 0.011206896551724133 0.012456896551724106
10 0.625625 0.83875 0.016228448275862117 0.012478448275862197
08 0.3500284090909091 0.11125 0.022443181818181834 0.039886363636363636
03 0.8274999999999999 0.285625 0.02248579545454532 0.013735795454545452
15 0.9650000000000001 0.849375 0.014969512195121992 0.013719512195121908
