13 0.756875 0.03875 0.031233552631578898 0.04998355263157895
14 0.47375 0.26625 0.024991610738255066 0.054991610738255065
14 0.578125 0.110625 0.03370689655172421 0.03620689655172411
03 0.86375 0.89375 0.04499444444444434 0.027494444444444377
10 0.818125 0.8725 0.01873809523809511 0.019988095238095194
03 0.874375 0.976875 0.018742977528089844 0.03874297752808986
20 0.478125 0.935 0.018745098039215702 0.01999509803921573
10 0.569375 0.930625 0.043706896551724106 0.028706896551724093
12 0.6343750000000001 0.239375 0.03122844827586213 0.03372844827586208
14 0.14500000000000002 0.5218750000000001 0.01988636363636362 0.043636363636363584
15 0.1775 0.6399999999999999 0.02248579545454546 0.0499857954545454
03 0.7075 0.17 0.04996951219512202 0.022469512195121943
