14 0.48875 0.968125 0.03748355263157893 0.02873355263157884
03 0.425 0.17562499999999998 0.024991610738255066 0.06624161073825505
04 0.10500000000000001 0.12375 0.027456896551724133 0.022456896551724115
03 0.405 0.58 0.03249444444444455 0.01749444444444448
18 0.955 0.569375 0.017488095238095136 0.021238095238095278
01 0.2475 0.7575000000000001 0.01749297752808987 0.014992977528089813
03 0.193125 0.97125 0.05874509803921568 0.032495098039215686
03 0.41 0.87 0.032456896551724124 0.05245689655172403
04 0.65375 0.61625 0.029978448275862157 0.024978448275862042
07 0.36440340909090907 0.83875 0.023693181818181752 0.039886363636363775
03 0.636875 0.32062500000000005 0.023735795454545405 0.03373579545454547
