03 0.106875 0.27625 0.013733552631578938 0.03498355263157893
01 0.228125 0.7975 0.02624161073825504 0.024991610738254844
11 0.754375 0.561875 0.03120689655172415 0.0237068965517242
20 0.6737500000000001 0.395 0.02499444444444443 0.01999444444444448
10 0.115625 0.839375 0.02623809523809524 0.028738095238095118
05 0.5081249999999999 0.9075 0.036242977528089804 0.01749297752808987
03 0.606875 0.60625 0.07874509803921559 0.024995098039215624
04 0.94875 0.7793749999999999 0.024956896551724173 0.018706896551724195
15 0.125 0.781875 0.05497844827586207 0.018728448275862286
14 0.47750000000000004 0.093125 0.014886363636363587 0.028636363636363626
