03 0.55125 0.5774999999999999 0.037483552631578876 0.029983552631578925
03 0.198125 0.498125 0.07624161073825506 0.02374161073825498
18 0.39 0.49125 0.01745689655172411 0.019956896551724168
01 0.613125 0.805 0.016244444444444506 0.012494444444444364
09 0.8125 0.6625 0.03498809523809521 0.027488095238095145
03 0.4175 0.665625 0.024992977528089877 0.036242977528089915
13 0.6775 0.1575 0.03999509803921564 0.09999509803921569
14 0.328125 0.08374999999999999 0.028706896551724093 0.02245689655172413
13 0.22999999999999998 0.710625 0.05497844827586204 0.0437284482758622
18 0.9550000000000001 0.155 0.0173863636363637 0.019886363636363646
20 0.38 0.5425 0.022485795454545432 0.022485795454545432
