05 0.840625 0.39125 0.018733552631578942 0.022483552631578918
14 0.32625000000000004 0.266875 0.03749161073825508 0.018741610738255032
07 0.8525107758620689 0.86375 0.03497844827586205 0.012456896551724106
10 0.35624999999999996 0.12187500000000001 0.01999444444444448 0.018744444444444466
03 0.565625 0.58125 0.031238095238095287 0.0149880952380953
03 0.8018732443820225 0.079375 0.011246488764044882 0.011242977528089892
18 0.5325 0.8225 0.012495098039215669 0.014995098039215726
03 0.781875 0.6287499999999999 0.028706896551724093 0.029956896551724177
18 0.1575 0.9437500000000001 0.014978448275862088 0.0174784482758622
08 0.52625 0.24 0.01738636363636359 0.012386363636363668
07 0.26875 0.13937144886363637 0.0349857954545455 0.05124289772727274
03 0.0675 0.74375 0.017469512195121946 0.019969512195121997
08 0.20625446428571428 0.49312500000000004 0.014991071428571423 0.02373214285714287
