12 0.18562499999999998 0.306875 0.048733552631579 0.04623355263157897
01 0.141875 0.165625 0.018741610738255032 0.018741610738255032
02 0.146875 0.9625 0.02120689655172414 0.039956896551724075
18 0.604375 0.77 0.016244444444444506 0.019994444444444426
12 0.858125 0.7606250000000001 0.028738095238095118 0.03373809523809512
08 0.431875 0.463125 0.008742977528089835 0.01374297752808984
18 0.244375 0.495625 0.0162450980392157 0.018745098039215646
20 0.22875 0.703125 0.012456896551724134 0.008706896551724075
18 0.1275 0.303125 0.014978448275862047 0.018728448275862064
04 0.85625 0.85875 0.024886363636363762 0.022386363636363704
