11 0.5325 0.048125 0.03498355263157893 0.02873355263157895
18 0.565 0.09375 0.017491610738255114 0.01999161073825506
10 0.39625 0.75625 0.024956896551724117 0.01745689655172411
12 0.640625 0.5725 0.043744444444444475 0.027494444444444488
11 0.578125 0.92625 0.021238095238095278 0.019988095238095083
06 0.5631250000000001 0.33125 0.043742977528089866 0.06499297752808986
03 0.6781250000000001 0.388125 0.031245098039215713 0.04374509803921567
04 0.8787499999999999 0.5487500000000001 0.022456896551724115 0.014956896551724053
20 0.5943750000000001 0.058124999999999996 0.02372844827586207 0.02122844827586206
14 0.07375000000000001 0.035 0.022386363636363635 0.052386363636363634
03 0.0475 0.9043749999999999 0.017485795454545455 0.03623579545454525
12 0.21375 0.55125 0.029969512195121978 0.029969512195122006
03 0.049999999999999996 0.141875 0.024982142857142856 0.04623214285714285
