20 0.590625 0.09875 0.031233552631578898 0.02998355263157894
07 0.21875 0.678125 0.03999161073825502 0.031241610738254932
20 0.2375 0.583125 0.01995689655172414 0.02120689655172403
03 0.39 0.671875 0.0374944444444445 0.03874444444444425
09 0.22062500000000002 0.746875 0.028738095238095257 0.01873809523809511
06 0.668125 0.4 0.006242977528089888 0.08249297752808987
03 0.9706250000000001 0.635625 0.021245098039215704 0.028745098039215655
14 0.49625 0.155625 0.05245689655172414 0.026206896551724118
02 0.8674999999999999 0.9237446120689656 0.0649784482758623 0.01748922413793108
08 0.426875 0.905 0.04113636363636364 0.09988636363636372
04 0.06875 0.364375 0.029985795454545466 0.016235795454545454
08 0.9918826219512196 0.5175000000000001 0.01373475609756103 0.012469512195122046
09 0.29625 0.845 0.03248214285714285 0.02748214285714279
