03 0.8 0.40937500000000004 0.04498355263157883 0.0337335526315789
10 0.49624999999999997 0.349375 0.03499161073825502 0.03874161073825505
20 0.891875 0.825 0.06870689655172413 0.06245689655172415
14 0.25687499999999996 0.395 0.05374444444444443 0.05999444444444452
15 0.849375 0.31875 0.0562380952380952 0.059988095238095285
05 0.5312482443820224 0.349375 0.047496488764045 0.06624297752808983
01 0.965625 0.21 0.04374509803921567 0.042495098039215695
15 0.5325 0.396875 0.029956896551724177 0.06370689655172412
18 0.49625 0.8987499999999999 0.04247844827586211 0.04497844827586228
13 0.4225 0.885625 0.05238636363636362 0.1161363636363637
