06 0.4325 0.44125000000000003 0.009983552631578907 0.08748355263157886
03 0.21375 0.485 0.04749161073825503 0.024991610738255066
06 0.7306250000000001 0.48812500000000003 0.023706896551724088 0.10870689655172416
14 0.29375 0.20375 0.039994444444444444 0.027494444444444405
10 0.15875 0.7275 0.02248809523809525 0.017488095238095136
03 0.42 0.5325 0.05999297752808985 0.02499297752808982
03 0.58375 0.895 0.022495098039215677 0.05749509803921571
03 0.665 0.49375 0.0649568965517241 0.04745689655172414
03 0.59875 0.14 0.029978448275862046 0.022478448275862067
14 0.5237499999999999 0.3175 0.039886363636363664 0.017386363636363644
03 0.28875 0.31875 0.037485795454545445 0.022485795454545487
