03 0.829375 0.150625 0.04123355263157891 0.05373355263157896
13 0.155625 0.245 0.13874161073825506 0.152491610738255
09 0.2925 0.239375 0.11995689655172412 0.11620689655172411
03 0.30500000000000005 0.28937500000000005 0.14999444444444449 0.16624444444444447
08 0.579375 0.548125 0.10123809523809524 0.11623809523809525
20 0.21875 0.06875 0.03249297752808983 0.027492977528089886
18 0.22375 0.911875 0.0449950980392157 0.046245098039215726
14 0.6975 0.16562500000000002 0.049956896551724084 0.03620689655172413
03 0.8825000000000001 0.9375 0.03497844827586227 0.06247844827586224
08 0.140625 0.5549999999999999 0.08363636363636365 0.0323863636363636
18 0.95 0.68625 0.04248579545454534 0.044985795454545285
19 0.069375 0.26625 0.048719512195121946 0.07246951219512196
06 0.8425 0.58125 0.01748214285714278 0.1774821428571428
