03 0.88 0.63625 0.022483552631578974 0.03248355263157887
13 0.25375000000000003 0.044375 0.04499161073825503 0.04374161073825503
13 0.051250000000000004 0.338125 0.03495689655172413 0.023706896551724144
10 0.77125 0.6387499999999999 0.019994444444444426 0.022494444444444484
03 0.594375 0.339375 0.05373809523809525 0.028738095238095285
20 0.660625 0.610625 0.026242977528089906 0.026242977528089906
03 0.474375 0.7925 0.018745098039215702 0.034995098039215744
10 0.630625 0.035 0.03370689655172421 0.02745689655172414
10 0.10875 0.12125 0.029978448275862074 0.024978448275862083
05 0.598125 0.0925 0.033636363636363575 0.019886363636363633
03 0.57375 0.4325 0.01748579545454554 0.022485795454545432
03 0.723125 0.25625 0.018719512195122023 0.017469512195121994
18 0.70625 0.7987500000000001 0.019982142857142837 0.022482142857142784
