06 0.18 0.7381249999999999 0.10498355263157896 0.01123355263157888
19 0.260625 0.384375 0.018741610738255088 0.03624161073825505
20 0.5774999999999999 0.836875 0.032456896551724124 0.023706896551724088
15 0.7775000000000001 0.605 0.019994444444444315 0.0424944444444445
18 0.540625 0.500625 0.021238095238095278 0.023738095238095225
03 0.153125 0.54625 0.00874297752808989 0.049992977528089844
03 0.68125 0.91875 0.03999509803921564 0.04999509803921576
09 0.808125 0.88 0.0237068965517242 0.03495689655172418
00 0.060625 0.740625 0.041228448275862056 0.0437284482758622
03 0.9493750000000001 0.018125000000000002 0.036136363636363744 0.023636363636363636
