14 0.9750000000000001 0.609375 0.03248355263157887 0.04623355263157891
03 0.5531250000000001 0.26 0.018741610738255088 0.06499161073825502
12 0.503125 0.200625 0.0337068965517241 0.03870689655172413
06 0.555625 0.071875 0.08624444444444446 0.026244444444444445
08 0.9525 0.5643750000000001 0.027488095238095145 0.026238095238095283
03 0.21875 0.6000000000000001 0.09499297752808986 0.032492977528089884
03 0.33499999999999996 0.41625 0.029995098039215684 0.042495098039215695
08 0.38312500000000005 0.9356249999999999 0.08120689655172414 0.0912068965517242
03 0.263125 0.204375 0.03872844827586208 0.031228448275862075
00 0.255 0.12312500000000001 0.032386363636363685 0.031136363636363643
