03 0.509375 0.6074999999999999 0.031233552631578843 0.029983552631578925
18 0.09375 0.265625 0.01999161073825506 0.023741610738255092
03 0.58375 0.5162500000000001 0.029956896551724066 0.032456896551724124
00 0.28125 0.48375 0.027494444444444377 0.027494444444444488
20 0.156875 0.855 0.016238095238095246 0.017488095238095136
18 0.95 0.799375 0.019992977528089928 0.023742977528089848
14 0.17875000000000002 0.98125 0.022495098039215705 0.03749509803921569
11 0.5543750000000001 0.708125 0.02120689655172414 0.028706896551724093
08 0.5425 0.454375 0.009978448275862029 0.09372844827586202
18 0.02 0.58375 0.019886363636363633 0.022386363636363593
16 0.831875 0.133125 0.0287357954545453 0.04623579545454547
20 0.499375 0.315 0.01621951219512191 0.014969512195121992
02 0.661875 0.279375 0.03873214285714277 0.02123214285714281
