03 0.28875 0.8343750000000001 0.022483552631578974 0.031233552631578898
08 0.586875 0.27937500000000004 0.07124161073825508 0.05874161073825507
03 0.16562500000000002 0.651875 0.031206896551724123 0.0387068965517241
03 0.376875 0.204375 0.026244444444444515 0.0237444444444444
18 0.29375 0.754375 0.02248809523809525 0.02623809523809517
20 0.8500000000000001 0.55375 0.03499297752808983 0.022492977528089875
18 0.42625 0.0525 0.017495098039215673 0.01999509803921569
03 0.261875 0.7625 0.033706896551724125 0.02745689655172412
11 0.5675 0.21 0.0274784482758621 0.03747844827586205
03 0.514375 0.618125 0.05113636363636359 0.03113636363636363
00 0.86 0.15125 0.03998579545454528 0.04248579545454545
03 0.756875 0.94875 0.02871951219512192 0.029969512195122006
03 0.8456250000000001 0.53 0.033732142857142766 0.01748214285714278
03 0.8125 0.18375 0.02498749999999994 0.034987500000000005
