12 0.115625 0.20500000000000002 0.05373355263157893 0.044983552631578966
14 0.27437500000000004 0.34750000000000003 0.013741610738255028 0.03499161073825502
04 0.916875 0.171875 0.0237068965517242 0.02120689655172414
11 0.864375 0.323125 0.031244444444444408 0.018744444444444452
05 0.41375 0.8500000000000001 0.0149880952380953 0.034988095238095096
04 0.524375 0.8356250000000001 0.0212429775280899 0.0212429775280899
18 0.558125 0.9512499999999999 0.011245098039215695 0.014995098039215615
15 0.26875 0.6275 0.012456896551724106 0.032456896551724124
03 0.15 0.481875 0.039978448275862055 0.026228448275862015
03 0.46187500000000004 0.16812500000000002 0.023636363636363622 0.03863636363636366
03 0.409375 0.9550000000000001 0.02123579545454546 0.0499857954545454
18 0.439375 0.606875 0.016219512195121966 0.018719512195121912
03 0.743125 0.76 0.01373214285714286 0.009982142857142828
06 0.843125 0.483121875 0.053737499999999994 0.021243750000000006
