04 0.275 0.5387500000000001 0.024983552631578976 0.022483552631578863
04 0.02 0.2475 0.029991610738255035 0.022491610738255036
14 0.193125 0.057499999999999996 0.043706896551724134 0.024956896551724138
16 0.44937499999999997 0.6775 0.023744444444444512 0.04249444444444439
00 0.255625 0.71875 0.028738095238095285 0.02998809523809509
03 0.615625 0.7424999999999999 0.06874297752808989 0.032492977528089884
11 0.9525 0.171875 0.027495098039215682 0.021245098039215704
18 0.759375 0.066875 0.018706896551724084 0.02120689655172415
15 0.698125 0.42000000000000004 0.02372844827586218 0.04247844827586206
15 0.955 0.86 0.029886363636363766 0.012386363636363695
04 0.4675 0.19624999999999998 0.027485795454545492 0.019985795454545457
14 0.138125 0.443125 0.031219512195121937 0.03621951219512198
05 0.6912499999999999 0.8687499999999999 0.019982142857142837 0.029982142857142846
02 0.9450000000000001 0.678125 0.022487500000000105 0.011237500000000011
