03 0.5387500000000001 0.195 0.012483552631578854 0.01998355263157897
06 0.756875 0.195 0.038741610738254884 0.03999161073825505
06 0.16626077586206897 0.6681250000000001 0.03497844827586205 0.023706896551724088
14 0.04875 0.831875 0.012494444444444447 0.0212444444444444
10 0.155625 0.986875 0.013738095238095244 0.008738095238095211
06 0.46375 0.09562499999999999 0.039992977528089835 0.051242977528089886
12 0.949375 0.395625 0.028745098039215655 0.028745098039215655
18 0.153125 0.478125 0.013706896551724107 0.016206896551724137
03 0.5231250000000001 0.691875 0.0062284482758619975 0.018728448275862175
08 0.897528409090909 0.159375 0.04244318181818185 0.013636363636363641
20 0.836875 0.49124999999999996 0.013735795454545285 0.012485795454545479
18 0.8868750000000001 0.15937500000000002 0.013719512195122019 0.016219512195121966
00 0.6875 0.27 0.014982142857142833 0.017482142857142835
