08 0.771875 0.43374999999999997 0.016233552631578885 0.042483552631578936
08 0.594375 0.27625 0.006241610738255021 0.024991610738255066
14 0.19187500000000002 0.330625 0.05120689655172414 0.018706896551724084
18 0.21687499999999998 0.083125 0.01374444444444442 0.01624444444444445
12 0.9824999999999999 0.090625 0.024988095238095087 0.026238095238095227
20 0.47624999999999995 0.304375 0.009992977528089864 0.01374297752808984
14 0.580625 0.04875 0.038745098039215775 0.032495098039215686
07 0.6475 0.37 0.029956896551724177 0.00995689655172416
18 0.08625 0.7324999999999999 0.012478448275862072 0.014978448275862255
04 0.71875 0.584375 0.01738636363636381 0.016136363636363615
