09 0.105 0.328125 0.039983552631578934 0.031233552631578954
15 0.6481229026845637 0.733125 0.058745805369127435 0.02374161073825487
06 0.346875 0.39625 0.05870689655172412 0.06245689655172415
10 0.82375 0.275 0.017494444444444368 0.017494444444444424
18 0.87625 0.85625 0.012488095238095132 0.014988095238095078
08 0.6575 0.73125 0.01749297752808987 0.01749297752808987
14 0.8743749999999999 0.38625 0.011245098039215695 0.017495098039215673
06 0.04875 0.31062500000000004 0.009956896551724145 0.023706896551724144
09 0.5687500000000001 0.070625 0.022478448275862095 0.02122844827586206
04 0.38125 0.453125 0.01988636363636359 0.016136363636363615
14 0.604375 0.9637500000000001 0.018735795454545512 0.03248579545454533
