13 0.588125 0.08374999999999999 0.02123355263157889 0.037483552631578945
03 0.07125000000000001 0.658125 0.022491610738255043 0.03374161073825488
03 0.77875 0.16625 0.02495689655172406 0.032456896551724124
06 0.941875 0.85875 0.016244444444444284 0.012494444444444364
18 0.7050000000000001 0.81 0.012488095238095132 0.014988095238095078
04 0.711875 0.22499999999999998 0.0212429775280899 0.022492977528089847
14 0.514375 0.48625 0.021245098039215704 0.027495098039215682
03 0.931875 0.443125 0.02120689655172414 0.043706896551724106
01 0.26187499999999997 0.52125 0.016228448275862062 0.01747844827586209
13 0.67375 0.19124999999999998 0.03238636363636371 0.019886363636363674
09 0.6325 0.020624999999999998 0.022485795454545432 0.016235795454545454
04 0.63875 0.16312500000000002 0.019969512195121997 0.016219512195121966
03 0.596875 0.03625 0.03873214285714288 0.01998214285714285
