07 0.6575 0.550625 0.039983552631578934 0.026233552631578894
18 0.23375 0.6856249999999999 0.01749161073825503 0.018741610738254866
15 0.569375 0.73125 0.011206896551724133 0.02495689655172406
13 0.889375 0.694375 0.05374444444444437 0.05624444444444432
08 0.16125 0.374375 0.029988095238095258 0.02373809523809528
14 0.85 0.84625 0.019992977528089817 0.04249297752808989
20 0.11 0.943125 0.02499509803921568 0.0162450980392157
03 0.82875 0.29625 0.019956896551724057 0.019956896551724113
06 0.613125 0.75 0.07872844827586212 0.042478448275862224
03 0.6368750000000001 0.8875 0.04613636363636375 0.02738636363636371
01 0.10625000000000001 0.889375 0.01998579545454547 0.021235795454545348
05 0.290625 0.268125 0.028719512195121977 0.026219512195121975
