10 0.43875 0.6056250000000001 0.017483552631578914 0.02123355263157889
01 0.108125 0.80375 0.013741610738255056 0.014991610738254946
03 0.322510775862069 0.088125 0.02247844827586204 0.023706896551724144
12 0.3675 0.5606249999999999 0.027494444444444488 0.04624444444444442
03 0.63625 0.7893749999999999 0.019988095238095194 0.023738095238095114
00 0.24562499999999998 0.9725 0.018742977528089844 0.01749297752808987
02 0.638126225490196 0.251875 0.036247549019607805 0.031245098039215713
06 0.5843750000000001 0.6625 0.06370689655172412 0.03495689655172418
01 0.33375 0.7506250000000001 0.014978448275862033 0.01622844827586223
04 0.09625 0.195 0.022386363636363635 0.019886363636363674
03 0.465625 0.394375 0.01123579545454545 0.026235795454545463
15 0.5025 0.9775 0.03746951219512196 0.009969512195121988
06 0.5449999999999999 0.865 0.01748214285714289 0.02498214285714284
03 0.7462500000000001 0.28125 0.01748749999999999 0.057487500000000025
