11 0.871875 0.545625 0.0362335526315789 0.02123355263157889
18 0.16 0.30125 0.022491610738255063 0.024991610738255066
07 0.698135775862069 0.169375 0.03372844827586208 0.06120689655172412
12 0.516875 0.273125 0.03124444444444452 0.048744444444444396
20 0.7975 0.858125 0.019988095238095083 0.01873809523809511
03 0.171875 0.11624999999999999 0.053742977528089875 0.02749297752808988
06 0.015625 0.48624999999999996 0.026245098039215688 0.01499509803921567
00 0.486875 0.120625 0.03120689655172415 0.033706896551724125
05 0.10875 0.7406250000000001 0.032478448275862076 0.028728448275862184
08 0.881875 0.7268749999999999 0.011136363636363722 0.026136363636363735
07 0.354375 0.9768749999999999 0.04873579545454543 0.016235795454545232
12 0.5331250000000001 0.703125 0.02871951219512192 0.028719512195122032
06 0.32125000000000004 0.019375000000000003 0.017482142857142835 0.018732142857142857
