06 0.395625 0.37187499999999996 0.013733552631578938 0.11373355263157897
03 0.059375000000000004 0.289375 0.04624161073825504 0.021241610738255035
11 0.36375 0.819375 0.03995689655172413 0.028706896551724093
02 0.648125 0.10375000000000001 0.0212444444444444 0.03999444444444446
03 0.54 0.34562499999999996 0.029988095238095203 0.05123809523809525
18 0.1175 0.764375 0.02749297752808988 0.028742977528089853
07 0.1575 0.45562500000000006 0.07749509803921568 0.12124509803921574
18 0.39937500000000004 0.78125 0.028706896551724148 0.029956896551724066
05 0.7262500000000001 0.633125 0.03747844827586222 0.028728448275862073
03 0.42562500000000003 0.411875 0.03363636363636363 0.023636363636363567
03 0.621875 0.459375 0.03873579545454531 0.041235795454545476
