14 0.176875 0.265 0.023733552631578975 0.027483552631578978
03 0.064375 0.483125 0.013741610738255028 0.02124161073825509
03 0.46375 0.8825000000000001 0.019956896551724168 0.012456896551724106
04 0.7337499999999999 0.349375 0.017494444444444368 0.011244444444444501
13 0.41625 0.87625 0.029988095238095258 0.024988095238095087
09 0.130625 0.160625 0.028742977528089894 0.021242977528089846
03 0.7987500000000001 0.41312499999999996 0.012495098039215669 0.023745098039215706
19 0.0325 0.589375 0.014956896551724136 0.026206896551724146
07 0.7424999999999999 0.426875 0.014978448275862255 0.04122844827586203
10 0.305 0.8375 0.014886363636363642 0.012386363636363695
03 0.358125 0.65875 0.021235795454545514 0.014985795454545259
