00 0.69625 0.25 0.029983552631578925 0.024983552631578948
01 0.505625 0.36375 0.03624161073825505 0.03249161073825507
06 0.885 0.891875 0.09995689655172413 0.04870689655172411
12 0.7737499999999999 0.7975 0.03249444444444427 0.029994444444444435
03 0.5800000000000001 0.85 0.06748809523809529 0.027488095238095145
07 0.328125 0.44625 0.06374297752808988 0.05999297752808985
04 0.9025000000000001 0.746875 0.032495098039215686 0.02624509803921571
15 0.58375 0.8275 0.024956896551724173 0.0549568965517242
09 0.175 0.816875 0.03497844827586208 0.03872844827586219
01 0.720625 0.694375 0.03113636363636374 0.02113636363636373
08 0.6287499999999999 0.111875 0.047485795454545454 0.01873579545454547
03 0.97375 0.38 0.03246951219512195 0.04996951219512202
03 0.16562499999999997 0.43375 0.028732142857142845 0.019982142857142837
