04 0.721875 0.052500000000000005 0.026233552631578894 0.022483552631578953
13 0.27875 0.36812500000000004 0.10249161073825505 0.09124161073825504
06 0.544375 0.265625 0.1062068965517241 0.06620689655172415
03 0.6012500000000001 0.6649999999999999 0.029994444444444546 0.06249444444444441
18 0.1725 0.19 0.02498809523809528 0.027488095238095256
06 0.6387499999999999 0.6756249999999999 0.06499297752808986 0.0987429775280898
03 0.41312499999999996 0.21687499999999998 0.031245098039215657 0.021245098039215676
05 0.421875 0.08499999999999999 0.028706896551724093 0.03745689655172414
04 0.530625 0.33125 0.04872844827586209 0.024978448275862042
18 0.815625 0.40625 0.028636363636363682 0.0323863636363636
05 0.04375 0.053125 0.054985795454545454 0.02873579545454545
