03 0.60625 0.74125 0.07998355263157897 0.11248355263157894
05 0.11937500000000001 0.8200000000000001 0.03624161073825506 0.07999161073825489
08 0.6475 0.9043749999999999 0.0699568965517241 0.04620689655172405
15 0.278125 0.104375 0.08374444444444443 0.048744444444444465
11 0.06875 0.27625 0.059988095238095236 0.047488095238095274
20 0.505 0.051875 0.0474929775280899 0.04624297752808988
04 0.108125 0.640625 0.06874509803921569 0.06874509803921569
03 0.234375 0.775625 0.06620689655172415 0.13370689655172407
13 0.113125 0.65375 0.14622844827586207 0.10997844827586212
04 0.91625 0.445 0.0748863636363637 0.054886363636363567
03 0.27437500000000004 0.18937500000000002 0.0737357954545455 0.06373579545454547
13 0.6599999999999999 0.591875 0.08996951219512195 0.113719512195122
