13 0.195625 0.5293749999999999 0.05123355263157897 0.03873355263157896
09 0.735625 0.515 0.018741610738254866 0.02249161073825512
07 0.9175 0.15375 0.012456896551724106 0.044956896551724135
03 0.05000138888888889 0.92625 0.012497222222222222 0.01499444444444431
15 0.829375 0.3375 0.021238095238095167 0.022488095238095307
03 0.6481250000000001 0.41125 0.0212429775280899 0.019992977528089817
02 0.041875 0.249375 0.018745098039215688 0.03624509803921572
09 0.609375 0.545625 0.01370689655172419 0.018706896551724084
03 0.67125 0.300625 0.03997844827586228 0.018728448275862064
20 0.17125 0.696875 0.009886363636363665 0.011136363636363722
