20 0.260625 0.6737500000000001 0.018733552631578942 0.01748355263157897
06 0.028749999999999998 0.6668749999999999 0.014991610738255029 0.07874161073825492
11 0.909375 0.148125 0.026206896551724146 0.01870689655172414
18 0.011875 0.09562499999999999 0.011244444444444446 0.013744444444444462
20 0.82125 0.89375 0.014988095238095078 0.017488095238095136
10 0.254375 0.181875 0.013742977528089867 0.013742977528089867
09 0.398125 0.6581250000000001 0.02374509803921565 0.028745098039215766
08 0.928125 0.17562499999999998 0.018706896551724084 0.03870689655172413
07 0.065 0.6131249999999999 0.02497844827586207 0.011228448275862113
09 0.6405965909090909 0.366875 0.023693181818181808 0.018636363636363562
06 0.60625 0.420625 0.05748579545454546 0.013735795454545452
06 0.15250762195121953 0.28875 0.01998475609756098 0.05246951219512197
