06 0.52 0.723125 0.14748355263157897 0.051233552631578916
02 0.44875 0.8518749999999999 0.04749161073825503 0.12874161073825496
06 0.40937500000000004 0.8574999999999999 0.013706896551724135 0.13995689655172405
08 0.2925 0.348125 0.0499944444444444 0.06374444444444449
03 0.483125 0.596875 0.046238095238095245 0.021238095238095278
15 0.39125 0.26375 0.052492977528089846 0.04499297752808984
02 0.40125 0.1975 0.049995098039215646 0.03999509803921569
03 0.180625 0.685 0.13620689655172413 0.15745689655172412
11 0.524375 0.0325 0.04122844827586203 0.027478448275862065
00 0.708125 0.484375 0.043636363636363695 0.03363636363636363
14 0.16125 0.9475 0.03748579545454547 0.05748579545454535
08 0.720625 0.6893673780487806 0.07371951219512196 0.043734756097561056
03 0.619375 0.958125 0.07123214285714274 0.04873214285714278
03 0.065 0.6174999999999999 0.059987500000000006 0.05998749999999997
