06 0.13937500000000003 0.27375000000000005 0.05873355263157895 0.009983552631578962
05 0.62625 0.8362499999999999 0.017491610738255003 0.01999161073825484
10 0.036250000000000004 0.3225 0.022456896551724143 0.019956896551724113
06 0.338125 0.580625 0.04874444444444448 0.05124444444444454
08 0.641875 0.153125 0.01123809523809527 0.04873809523809525
14 0.13125 0.5725 0.034992977528089886 0.024992977528089932
00 0.45999999999999996 0.0375 0.029995098039215684 0.017495098039215683
03 0.63375 0.65625 0.02495689655172406 0.0549568965517242
03 0.868125 0.12625 0.03372844827586219 0.014978448275862075
17 0.07250000000000001 0.6468750000000001 0.019886363636363633 0.023636363636363567
20 0.48250000000000004 0.28625 0.017485795454545483 0.017485795454545427
06 0.33687500000000004 0.48062499999999997 0.008719512195121959 0.021219512195122026
06 0.35250000000000004 0.445625 0.07998214285714284 0.02123214285714281
