06 0.548125 0.41625 0.03873355263157885 0.07498355263157891
07 0.5612520973154362 0.2 0.04999580536912762 0.01749161073825503
12 0.16375 0.466875 0.03745689655172413 0.06370689655172412
08 0.6231249999999999 0.7262500000000001 0.018744444444444563 0.05249444444444429
00 0.96 0.41625 0.03248809523809515 0.02248809523809525
09 0.963125 0.8612500000000001 0.016242977528089897 0.03499297752808983
03 0.2425 0.58 0.04999509803921573 0.027495098039215682
20 0.27125 0.136875 0.032456896551724124 0.023706896551724144
03 0.20124999999999998 0.131875 0.022478448275862067 0.016228448275862062
14 0.226875 0.5775 0.03613636363636366 0.04988636363636356
13 0.190625 0.3125 0.05123579545454546 0.07748579545454548
