04 0.8525 0.774375 0.022483552631578863 0.023733552631578836
20 0.18062499999999998 0.5162500000000001 0.01874161073825506 0.01999161073825506
20 0.290625 0.4175 0.021206896551724086 0.01745689655172411
10 0.559375 0.0925 0.02124444444444451 0.014994444444444463
15 0.8131250000000001 0.275 0.023738095238095114 0.024988095238095254
18 0.63375 0.614375 0.014992977528089813 0.018742977528089844
14 0.310625 0.13375 0.04374509803921567 0.02249509803921569
06 0.6956249999999999 0.071875 0.018706896551724195 0.02120689655172414
05 0.5275 0.576875 0.029978448275862046 0.016228448275862117
11 0.514375 0.536875 0.031136363636363573 0.023636363636363678
11 0.621875 0.509375 0.023735795454545516 0.02373579545454546
16 0.98 0.515625 0.03496951219512201 0.023719512195121917
10 0.19875 0.53 0.019982142857142837 0.019982142857142837
