20 0.22812500000000002 0.0225 0.016233552631578968 0.019983552631578944
06 0.9375 0.6599999999999999 0.014991610738254835 0.029991610738254848
03 0.56125 0.91 0.032456896551724124 0.02745689655172412
03 0.6556249999999999 0.37124999999999997 0.01874444444444434 0.052494444444444455
08 0.358125 0.346875 0.026238095238095227 0.031238095238095287
06 0.6275 0.034373244382022466 0.09249297752808994 0.02374648876404494
07 0.48624999999999996 0.6331249999999999 0.01499509803921567 0.0887450980392156
14 0.15999999999999998 0.295625 0.009956896551724131 0.09120689655172415
01 0.7324999999999999 0.06937499999999999 0.024978448275862264 0.026228448275862057
03 0.735625 0.823125 0.0486363636363637 0.028636363636363793
