02 0.776875 0.725625 0.023733552631578947 0.061233552631578925
10 0.82875 0.7637499999999999 0.022491610738254897 0.017491610738254892
01 0.83875 0.476875 0.014956896551724164 0.011206896551724133
06 0.09687499999999999 0.35562499999999997 0.09124444444444443 0.048744444444444535
08 0.33687500000000004 0.5418750000000001 0.02373809523809528 0.016238095238095274
05 0.78 0.32125000000000004 0.02499297752808982 0.03749297752808983
15 0.625625 0.885625 0.028745098039215655 0.02624509803921571
01 0.028124999999999997 0.474375 0.016206896551724134 0.011206896551724133
01 0.35375 0.44937499999999997 0.014978448275862033 0.016228448275862062
03 0.44875 0.05562500000000001 0.04488636363636361 0.031136363636363636
04 0.730625 0.315 0.0287357954545453 0.02498579545454549
