09 0.6012500000000001 0.940625 0.022483552631578863 0.04123355263157891
06 0.34562499999999996 0.46125 0.008741610738255023 0.024991610738255066
07 0.37375 0.640614224137931 0.054956896551724144 0.04872844827586209
03 0.24937499999999999 0.41375 0.03374444444444441 0.0374944444444445
18 0.109375 0.08124999999999999 0.01873809523809522 0.022488095238095238
18 0.298125 0.5606249999999999 0.021242977528089846 0.023742977528089848
05 0.82875 0.125 0.014995098039215726 0.032495098039215686
03 0.54875 0.87 0.04745689655172414 0.039956896551724075
14 0.221875 0.668125 0.021228448275862066 0.01372844827586217
03 0.338125 0.31937499999999996 0.038636363636363635 0.03613636363636363
