14 0.781875 0.46124999999999994 0.043733552631578965 0.08748355263157886
17 0.575 0.7625 0.07249161073825505 0.06999161073825488
07 0.09187500000000001 0.709375 0.021206896551724128 0.08120689655172408
15 0.618125 0.563125 0.07624444444444445 0.0787444444444445
12 0.6443749999999999 0.800625 0.0612380952380952 0.0712380952380951
13 0.900625 0.881875 0.12624297752808977 0.07124297752808983
03 0.06375 0.22375 0.0774950980392157 0.052495098039215704
12 0.815 0.239375 0.0749568965517241 0.07870689655172414
03 0.490625 0.304375 0.0562284482758621 0.03872844827586208
18 0.155 0.8875 0.02488636363636365 0.02738636363636371
10 0.20375 0.399375 0.04748579545454548 0.031235795454545467
03 0.8787499999999999 0.9081250000000001 0.03746951219512196 0.026219512195121975
