02 0.844375 0.878125 0.02873355263157884 0.02123355263157889
20 0.15812500000000002 0.07500000000000001 0.026241610738255067 0.019991610738255047
01 0.11875 0.37312500000000004 0.032456896551724124 0.0362068965517241
14 0.70625 0.564375 0.03999444444444433 0.036244444444444524
01 0.586875 0.12125 0.01873809523809522 0.017488095238095233
14 0.246875 0.313125 0.03374297752808986 0.041242977528089864
03 0.6868749999999999 0.565625 0.031245098039215713 0.06874509803921569
08 0.569375 0.7762500000000001 0.02120689655172414 0.04245689655172413
05 0.64875 0.26937500000000003 0.024978448275862153 0.021228448275862066
11 0.244375 0.07125000000000001 0.033636363636363686 0.02988636363636364
00 0.41437500000000005 0.5956250000000001 0.038735795454545474 0.026235795454545463
14 0.075 0.144375 0.032469512195121945 0.043719512195121976
18 0.423125 0.233125 0.01873214285714281 0.02123214285714281
03 0.4375 0.39125 0.06498749999999998 0.022487499999999994
