03 0.9775 0.781875 0.027483552631578867 0.05873355263157887
20 0.2675 0.8843749999999999 0.01999161073825506 0.01624161073825492
10 0.43062500000000004 0.19874999999999998 0.01870689655172414 0.017456896551724138
09 0.015625 0.42562500000000003 0.023744444444444443 0.021244444444444455
10 0.934375 0.9762500000000001 0.03623809523809507 0.027488095238095034
06 0.889375 0.54375 0.03874297752808986 0.0524929775280899
03 0.08374999999999999 0.43625 0.047495098039215686 0.019995098039215675
03 0.12625 0.49624999999999997 0.02745689655172412 0.03745689655172407
03 0.48875 0.9081250000000001 0.0274784482758621 0.03872844827586219
05 0.734375 0.17375000000000002 0.028636363636363793 0.017386363636363672
