03 0.15875 0.35624999999999996 0.06748355263157896 0.027483552631578922
02 0.7975000000000001 0.504375 0.017491610738254892 0.02624161073825504
18 0.731875 0.021875 0.018706896551724195 0.021206896551724138
07 0.41312499999999996 0.660625 0.0662444444444445 0.016244444444444284
14 0.6956249999999999 0.075625 0.021238095238095167 0.02873809523809523
17 0.5175 0.714375 0.03749297752808983 0.04124297752808981
02 0.8 0.911875 0.04499509803921564 0.02624509803921571
08 0.48750000000000004 0.8687499999999999 0.037456896551724184 0.022456896551724115
06 0.3175 0.166875 0.03497844827586205 0.06372844827586205
18 0.7675000000000001 0.38 0.014886363636363753 0.01738636363636359
03 0.12125 0.583125 0.012485795454545465 0.016235795454545565
18 0.6681250000000001 0.05500000000000001 0.013719512195122019 0.017469512195121946
