03 0.1 0.589375 0.01998355263157893 0.02123355263157889
07 0.8518770973154363 0.828125 0.03874580536912742 0.038741610738254995
06 0.41625 0.355 0.0074568965517241015 0.054956896551724144
14 0.575 0.7 0.014994444444444421 0.02499444444444443
14 0.8549970238095238 0.51375 0.014994047619047546 0.02248809523809525
00 0.13874999999999998 0.419375 0.022492977528089902 0.018742977528089844
15 0.17812499999999998 0.11125 0.031245098039215685 0.027495098039215682
06 0.9056249999999999 0.72 0.03120689655172415 0.012456896551724106
04 0.204375 0.59875 0.02372844827586207 0.0274784482758621
10 0.551875 0.9143749999999999 0.02113636363636351 0.016136363636363726
18 0.4075 0.494375 0.014985795454545425 0.0162357954545454
06 0.30125 0.45687500000000003 0.019969512195121997 0.06121951219512195
15 0.31625000000000003 0.30375 0.027482142857142844 0.029982142857142846
01 0.360625 0.4425 0.013737500000000014 0.009987500000000038
