11 0.433125 0.049375 0.031233552631578898 0.02873355263157895
15 0.32125 0.6256250000000001 0.014991610738255057 0.021241610738255035
03 0.745 0.6274892241379311 0.02745689655172412 0.04247844827586211
03 0.65125 0.129375 0.012494444444444364 0.03124444444444445
03 0.419375 0.141875 0.023738095238095225 0.01873809523809522
20 0.79625 0.8656250000000001 0.009992977528089808 0.011242977528089892
03 0.88375 0.34062499999999996 0.022495098039215677 0.02874509803921571
12 0.29375 0.14875 0.032456896551724124 0.032456896551724124
03 0.291875 0.428125 0.04122844827586203 0.03372844827586202
03 0.9293750000000001 0.704375 0.028636363636363682 0.03863636363636369
03 0.286875 0.418125 0.031235795454545467 0.026235795454545463
18 0.9375 0.74125 0.01746951219512205 0.019969512195121997
07 0.2025 0.7581249999999999 0.014982142857142833 0.033732142857142766
