15 0.631875 0.5475000000000001 0.04123355263157891 0.029983552631578925
14 0.384375 0.325625 0.061241610738255015 0.043741610738255
20 0.48875 0.09312499999999999 0.04745689655172414 0.03370689655172414
03 0.78125 0.89125 0.027494444444444266 0.03249444444444438
04 0.916875 0.8731249999999999 0.04623809523809519 0.03373809523809512
14 0.969375 0.244375 0.05124297752808982 0.06374297752808988
03 0.078125 0.028125 0.021245098039215704 0.026245098039215688
11 0.08187499999999999 0.04375 0.04870689655172413 0.03495689655172414
14 0.41000000000000003 0.361875 0.06747844827586208 0.07122844827586206
18 0.1975 0.404375 0.029886363636363683 0.033636363636363575
10 0.155625 0.359375 0.048735795454545455 0.033735795454545414
09 0.835 0.544375 0.05246951219512197 0.07871951219512197
03 0.1825 0.260625 0.09498214285714285 0.04623214285714283
18 0.385 0.384375 0.0324875 0.03373750000000003
