07 0.601875 0.539375 0.0362335526315789 0.0362335526315789
15 0.07062500000000001 0.44375 0.06124161073825504 0.04249161073825508
03 0.9275 0.194375 0.057456896551724146 0.07620689655172413
03 0.35875 0.27875000000000005 0.05249444444444451 0.09249444444444449
03 0.744375 0.6381249999999999 0.03873809523809513 0.048738095238095136
07 0.305625 0.260625 0.043742977528089866 0.11874297752808982
03 0.3425 0.428125 0.03999509803921569 0.05624509803921568
03 0.57875 0.22312500000000002 0.029956896551724066 0.04120689655172413
00 0.561875 0.275 0.04122844827586203 0.03247844827586205
03 0.6074999999999999 0.8049999999999999 0.04238636363636361 0.057386363636363735
