15 0.35875 0.40375 0.047483552631578885 0.03248355263157887
10 0.44875 0.325 0.027491610738255068 0.01999161073825506
08 0.41312499999999996 0.27249999999999996 0.048706896551724166 0.019956896551724113
14 0.474375 0.163125 0.04874444444444448 0.051244444444444426
03 0.6000000000000001 0.30062500000000003 0.0149880952380953 0.02373809523809528
13 0.08875 0.88625 0.04749297752808988 0.05499297752808985
06 0.66875 0.231875 0.014995098039215615 0.08624509803921568
18 0.21125 0.028124999999999997 0.017456896551724138 0.021206896551724138
11 0.925 0.911875 0.032478448275862215 0.03122844827586224
19 0.728125 0.12437499999999999 0.023636363636363678 0.03863636363636362
