20 0.745625 0.42562500000000003 0.01873355263157883 0.018733552631578887
08 0.411875 0.12 0.02624161073825504 0.03749161073825506
09 0.51875 0.604375 0.03745689655172413 0.03370689655172421
14 0.39875 0.375625 0.019994444444444537 0.026244444444444515
01 0.5774999999999999 0.08625 0.017488095238095247 0.014988095238095231
03 0.29250175561797753 0.26249824438202246 0.02249648876404492 0.014996488764044913
18 0.515 0.6174999999999999 0.017495098039215673 0.01999509803921573
13 0.593125 0.27625 0.0387068965517241 0.054956896551724116
03 0.565 0.410625 0.06497844827586208 0.041228448275862084
09 0.8025 0.29875 0.02738636363636382 0.029886363636363655
02 0.651875 0.178125 0.011235795454545339 0.013735795454545452
20 0.5025 0.94 0.01746951219512194 0.012469512195122046
