08 0.551875 0.5512458881578948 0.03873355263157885 0.024991776315789527
18 0.238125 0.3025 0.01624161073825503 0.01999161073825506
13 0.713739224137931 0.343125 0.019978448275862037 0.07120689655172413
02 0.57375 0.2425 0.03499444444444455 0.02749444444444446
18 0.3025 0.7637499999999999 0.019988095238095305 0.02248809523809514
03 0.7068749999999999 0.905625 0.03374297752808986 0.02124297752808979
20 0.09125 0.9525 0.027495098039215682 0.02999509803921563
03 0.7849999999999999 0.951875 0.022456896551724115 0.02120689655172414
11 0.7281249999999999 0.095625 0.028728448275862184 0.02372844827586207
03 0.71 0.4075 0.014886363636363753 0.042386363636363555
08 0.430625 0.295625 0.041235795454545476 0.05373579545454549
08 0.82875 0.51875 0.009969512195121988 0.05996951219512192
03 0.95875 0.368125 0.0374821428571428 0.04623214285714283
03 0.84875 0.4675 0.04248750000000001 0.05748749999999997
