06 0.4306291118421053 0.62125 0.03124177631578945 0.014983552631578911
08 0.0725 0.43 0.014991610738255029 0.052491610738255035
02 0.68875 0.221239224137931 0.024956896551724173 0.01497844827586206
06 0.754375 0.148125 0.07124444444444433 0.04874444444444445
15 0.165 0.8206249999999999 0.03248809523809526 0.02623809523809506
06 0.551875 0.938125 0.06874297752808989 0.011242977528089781
15 0.02375 0.63 0.02249509803921569 0.01999509803921562
02 0.234375 0.606875 0.013706896551724135 0.026206896551724035
03 0.325625 0.596875 0.03872844827586208 0.018728448275862064
06 0.7618750000000001 0.063125 0.02363636363636379 0.016136363636363636
