05 0.10375 0.40875 0.014983552631578939 0.014983552631578911
03 0.489375 0.7375 0.02874161073825504 0.0274916107382549
02 0.7975000000000001 0.18062499999999998 0.022456896551724115 0.02870689655172412
03 0.4125 0.794375 0.007494444444444526 0.023744444444444457
10 0.475625 0.410625 0.016238095238095274 0.013738095238095271
14 0.698125 0.0475 0.018742977528089844 0.02249297752808989
10 0.695625 0.835625 0.0162450980392157 0.0162450980392157
16 0.71375 0.79625 0.019956896551724057 0.02745689655172412
03 0.30062500000000003 0.69625 0.02622844827586207 0.032478448275862215
10 0.6087499999999999 0.5237499999999999 0.012386363636363584 0.009886363636363638
20 0.563125 0.7581249999999999 0.013735795454545396 0.013735795454545285
