09 0.125 0.719375 0.029983552631578925 0.023733552631578947
18 0.68625 0.44125000000000003 0.014991610738254946 0.01749161073825506
03 0.22875 0.854375 0.057456896551724146 0.026206896551724146
02 0.03812638888888889 0.1225 0.011247222222222221 0.04749444444444445
03 0.818125 0.90875 0.016238095238095163 0.03248809523809515
03 0.78625 0.351875 0.022492977528089764 0.011242977528089892
03 0.95875 0.82375 0.022495098039215677 0.01999509803921562
12 0.11875 0.8712500000000001 0.032456896551724124 0.032456896551724124
07 0.36 0.34436961206896555 0.07747844827586209 0.018739224137931
14 0.595 0.785 0.06488636363636358 0.019886363636363757
18 0.5293749999999999 0.954375 0.0187357954545454 0.021235795454545348
14 0.7025 0.731875 0.019969512195121997 0.04621951219512199
