09 0.39937500000000004 0.31999999999999995 0.013733552631578883 0.027483552631578922
03 0.36124999999999996 0.085625 0.012491610738255055 0.018741610738255032
06 0.46499999999999997 0.60625 0.017456896551724166 0.06745689655172404
08 0.7793749999999999 0.085625 0.016244444444444395 0.023744444444444457
13 0.40375000000000005 0.133125 0.04498809523809527 0.04373809523809523
18 0.44625 0.5800000000000001 0.012492977528089866 0.014992977528089813
05 0.10125 0.224375 0.02249509803921569 0.013745098039215697
06 0.36875 0.08249999999999999 0.062456896551724095 0.029956896551724135
03 0.5631250000000001 0.8625 0.02372844827586207 0.012478448275862197
02 0.6337784090909091 0.135625 0.027443181818181728 0.02113636363636362
08 0.443125 0.9675 0.02123579545454546 0.02498579545454538
03 0.18375000000000002 0.6131249999999999 0.029969512195121978 0.013719512195122019
03 0.4675 0.653125 0.02998214285714279 0.018732142857142864
