18 0.10625 0.8725 0.01748355263157894 0.019983552631578916
11 0.47 0.9068750000000001 0.03499161073825502 0.026241610738254928
13 0.134375 0.484375 0.05620689655172412 0.09620689655172415
05 0.544375 0.40625 0.02124444444444451 0.03249444444444449
20 0.611875 0.40312499999999996 0.01873809523809522 0.018738095238095276
03 0.30562500000000004 0.38375000000000004 0.02624297752808985 0.02999297752808988
04 0.094375 0.0425 0.02624509803921568 0.029995098039215688
03 0.05625 0.890614224137931 0.042456896551724146 0.016228448275862117
08 0.303125 0.505 0.02372844827586207 0.04247844827586206
03 0.9175 0.9099999999999999 0.014886363636363753 0.03488636363636377
