08 0.5381291118421052 0.53625 0.028741776315789447 0.04248355263157899
08 0.064375 0.2275 0.01624161073825503 0.01749161073825506
18 0.724375 0.071875 0.016206896551724137 0.01870689655172414
20 0.473125 0.02375 0.02124444444444451 0.022494444444444442
15 0.5743750000000001 0.5549999999999999 0.01873809523809522 0.029988095238095203
03 0.32125000000000004 0.10250000000000001 0.024992977528089877 0.0324929775280899
05 0.375625 0.05625 0.031245098039215713 0.01999509803921569
03 0.9299999999999999 0.82875 0.022456896551724115 0.024956896551724173
05 0.25875000000000004 0.738125 0.017478448275862035 0.03372844827586219
18 0.555 0.61375 0.01738636363636359 0.019886363636363535
08 0.3625 0.461875 0.01498579545454548 0.026235795454545463
09 0.1275 0.899375 0.01996951219512194 0.023719512195122028
08 0.35 0.12312500000000001 0.04748214285714286 0.02123214285714288
06 0.924375 0.514375 0.008737499999999954 0.06373750000000006
