12 0.09874999999999999 0.79375 0.07498355263157894 0.08248355263157892
04 0.7 0.55625 0.059991610738254875 0.05749161073825504
01 0.30500000000000005 0.27875 0.034956896551724126 0.032456896551724124
14 0.258125 0.10750000000000001 0.028744444444444434 0.08499444444444444
01 0.823125 0.07875 0.0562380952380952 0.057488095238095234
03 0.13875 0.87125 0.0374929775280899 0.039992977528089835
20 0.359375 0.229375 0.07624509803921564 0.06374509803921569
06 0.1625 0.13125 0.032456896551724124 0.22245689655172413
06 0.37312500000000004 0.150625 0.2387284482758621 0.021228448275862066
18 0.36812500000000004 0.735 0.038636363636363635 0.039886363636363775
20 0.489375 0.8475 0.026235795454545408 0.017485795454545316
03 0.70625 0.44937499999999997 0.0924695121951219 0.053719512195122
06 0.743125 0.6675 0.1362321428571428 0.039982142857142855
