08 0.7806249999999999 0.12125 0.01123355263157888 0.052483552631578945
04 0.78125 0.880625 0.02999161073825496 0.02374161073825487
09 0.7581249999999999 0.445 0.06620689655172407 0.04745689655172414
06 0.720625 0.870625 0.003744444444444328 0.08124444444444434
07 0.183125 0.148125 0.013738095238095271 0.09623809523809523
14 0.9337500000000001 0.7581249999999999 0.03499297752808983 0.03374297752808986
04 0.75875 0.72875 0.027495098039215682 0.032495098039215686
18 0.700625 0.46187500000000004 0.023706896551724088 0.02620689655172409
03 0.023125 0.085625 0.01372844827586207 0.026228448275862057
06 0.950028409090909 0.7030965909090909 0.06244318181818187 0.043693181818181825
04 0.874375 0.165625 0.03623579545454536 0.02123579545454546
20 0.080625 0.8975 0.021219512195121942 0.01746951219512194
03 0.45125 0.3275 0.03498214285714285 0.02248214285714284
03 0.24875 0.59375 0.014987499999999987 0.03498749999999995
