08 0.333125 0.11625 0.04373355263157891 0.019983552631578944
20 0.340625 0.68 0.021241610738255035 0.022491610738254897
06 0.8825000000000001 0.365 0.0749568965517241 0.08995689655172412
03 0.3412513888888889 0.838125 0.04749722222222219 0.0212444444444444
04 0.926875 0.7793749999999999 0.03873809523809513 0.02623809523809506
17 0.074375 0.6756249999999999 0.041242977528089884 0.053742977528089875
18 0.8006249999999999 0.31937499999999996 0.02374509803921565 0.02874509803921571
10 0.48687500000000006 0.30625 0.028706896551724148 0.02245689655172417
03 0.141875 0.0175 0.011228448275862057 0.02497844827586207
06 0.82875 0.5 0.06488636363636369 0.06488636363636363
15 0.828125 0.799375 0.023735795454545405 0.03623579545454525
06 0.755 0.7181173780487805 0.06496951219512193 0.043734756097560945
