07 0.49625 0.159375 0.019983552631578916 0.06623355263157896
09 0.5237499999999999 0.630625 0.03749161073825513 0.04124161073825494
03 0.894375 0.978125 0.028706896551724093 0.036206896551724155
08 0.15125 0.95125 0.04499444444444445 0.022494444444444373
06 0.484375 0.65875 0.07623809523809522 0.044988095238095216
10 0.59875 0.375 0.02749297752808988 0.039992977528089835
09 0.5318762254901961 0.478125 0.026247549019607908 0.018745098039215702
06 0.788125 0.760625 0.07370689655172413 0.04120689655172405
11 0.16875 0.971875 0.02497844827586207 0.02372844827586229
14 0.133125 0.565 0.03113636363636363 0.0323863636363636
00 0.365 0.12875 0.02498579545454549 0.022485795454545487
04 0.049375 0.6699999999999999 0.02121951219512195 0.01746951219512194
08 0.038125 0.4625 0.02873214285714286 0.062482142857142875
15 0.54 0.17125 0.029987499999999945 0.037487500000000035
