03 0.3125 0.864375 0.05498355263157895 0.033733552631578956
03 0.24937499999999999 0.52125 0.033741610738255046 0.04749161073825503
03 0.650625 0.44937499999999997 0.06370689655172412 0.021206896551724086
06 0.94875 0.466875 0.05999444444444435 0.043744444444444475
13 0.655 0.07 0.09498809523809515 0.09498809523809523
01 0.839375 0.6468750000000001 0.02124297752808979 0.01374297752808984
04 0.24375000000000002 0.19 0.022495098039215705 0.019995098039215675
07 0.25625 0.43 0.03995689655172413 0.019956896551724168
04 0.04375 0.60375 0.02997844827586207 0.022478448275861984
20 0.70375 0.39 0.022386363636363704 0.01738636363636359
18 0.8925000000000001 0.45999999999999996 0.014985795454545259 0.017485795454545483
13 0.9568749999999999 0.5575 0.05871951219512195 0.08496951219512194
