14 0.631875 0.305625 0.051233552631578916 0.0362335526315789
13 0.2975 0.464375 0.11499161073825503 0.04874161073825506
06 0.70625 0.09125 0.10995689655172414 0.11995689655172415
04 0.425 0.158125 0.03249444444444449 0.021244444444444455
09 0.49125 0.20125 0.02498809523809531 0.04498809523809527
03 0.88 0.490625 0.039992977528089835 0.08124297752808984
03 0.021249999999999998 0.57375 0.022495098039215684 0.03999509803921564
00 0.46375 0.40375000000000005 0.03995689655172413 0.034956896551724126
08 0.540625 0.1125 0.016228448275862117 0.032478448275862076
13 0.483125 0.18875 0.15613636363636357 0.07488636363636364
05 0.94625 0.705 0.027485795454545325 0.04748579545454534
