03 0.044375000000000005 0.675 0.048733552631578955 0.05248355263157889
03 0.08937500000000001 0.36 0.036241610738255034 0.027491610738255068
10 0.793125 0.123125 0.026206896551724146 0.026206896551724118
03 0.161875 0.879375 0.023744444444444457 0.031244444444444408
13 0.8668750000000001 0.734375 0.058738095238095034 0.07873809523809516
14 0.10374824438202247 0.2825 0.029996488764044954 0.02249297752808982
07 0.19562377450980392 0.7262500000000001 0.18874754901960783 0.10249509803921575
05 0.47875 0.973125 0.024956896551724117 0.046206896551724164
08 0.750625 0.714375 0.021228448275862233 0.05622844827586215
20 0.5762499999999999 0.333125 0.022386363636363593 0.023636363636363567
04 0.180625 0.23625000000000002 0.03373579545454547 0.03248579545454547
00 0.606875 0.5525 0.04121951219512188 0.039969512195122014
10 0.6699999999999999 0.42874999999999996 0.03248214285714279 0.03248214285714285
