05 0.62125 0.41875 0.017483552631578858 0.037483552631578876
07 0.6018749999999999 0.5475 0.03374161073825499 0.014991610738255057
14 0.498125 0.65375 0.02120689655172414 0.04495689655172408
02 0.8787499999999999 0.558125 0.04999444444444434 0.03124444444444452
03 0.166875 0.694375 0.036238095238095264 0.05373809523809514
04 0.7012499999999999 0.17375000000000002 0.03749297752808978 0.022492977528089847
13 0.285625 0.5762499999999999 0.12374509803921568 0.03499509803921563
10 0.72125 0.52 0.03495689655172407 0.032456896551724124
03 0.978125 0.419375 0.03122844827586224 0.05622844827586204
04 0.42562500000000003 0.2125 0.031136363636363573 0.027386363636363653
13 0.64625 0.655 0.04748579545454534 0.08748579545454549
