03 0.63875 0.58 0.02498355263157892 0.047483552631578885
03 0.50625 0.9025000000000001 0.022491610738255063 0.03749161073825491
08 0.73125 0.34875 0.012456896551724106 0.022456896551724115
13 0.11624999999999999 0.314375 0.08999444444444443 0.04624444444444442
03 0.04375 0.23125 0.03748809523809524 0.017488095238095275
07 0.79375 0.774375 0.009992977528089919 0.05124297752808982
00 0.404375 0.965 0.02624509803921571 0.017495098039215673
03 0.43625 0.901875 0.062456896551724095 0.0387068965517241
08 0.109375 0.210625 0.016228448275862062 0.05622844827586207
20 0.11812500000000001 0.713125 0.033636363636363645 0.026136363636363735
07 0.8206249999999999 0.78625 0.011235795454545339 0.044985795454545396
06 0.021875 0.08249999999999999 0.03125 0.08246951219512194
