07 0.47874588815789476 0.65375 0.022491776315789413 0.02498355263157881
15 0.46375 0.5549999999999999 0.014991610738255057 0.027491610738255123
08 0.2875 0.053125000000000006 0.02995689655172412 0.06620689655172414
03 0.5856250000000001 0.37749861111111116 0.02124444444444451 0.029997222222222286
03 0.51125 0.79 0.017488095238095247 0.037488095238095154
06 0.6487499999999999 0.7424999999999999 0.009992977528089919 0.08499297752808987
05 0.8206249999999999 0.7987500000000001 0.013745098039215642 0.024995098039215624
12 0.436875 0.13875 0.028706896551724148 0.03245689655172414
09 0.150625 0.825625 0.04872844827586206 0.03122844827586213
06 0.8556250000000001 0.8818465909090909 0.08613636363636379 0.028693181818181812
14 0.950625 0.7424999999999999 0.016235795454545232 0.044985795454545285
04 0.9706250000000001 0.82625 0.026219512195121975 0.019969512195121997
18 0.964375 0.775625 0.018732142857142864 0.02123214285714292
