01 0.77625 0.061875 0.019983552631578805 0.02123355263157895
03 0.530625 0.596875 0.028741610738254986 0.011241610738255026
03 0.31625000000000003 0.510625 0.02995689655172412 0.028706896551724093
07 0.2668736111111111 0.913125 0.03124722222222226 0.026244444444444404
20 0.1525 0.631875 0.024988095238095254 0.02623809523809517
03 0.17875000000000002 0.96875 0.01499297752808984 0.019992977528089817
03 0.11624999999999999 0.18875 0.027495098039215682 0.032495098039215686
09 0.18875 0.230625 0.012456896551724106 0.023706896551724144
12 0.539375 0.08687500000000001 0.028728448275862073 0.033728448275862064
00 0.50625 0.29375 0.01738636363636359 0.012386363636363695
