11 0.63625 0.6856249999999999 0.04998355263157883 0.033733552631578845
12 0.748125 0.25125000000000003 0.08374161073825492 0.06249161073825507
03 0.35250000000000004 0.165625 0.0724568965517241 0.05870689655172412
14 0.3625 0.66125 0.0424944444444445 0.06249444444444441
06 0.2231279761904762 0.49375 0.09124404761904761 0.06748809523809524
03 0.765 0.226875 0.08249297752808982 0.05124297752808982
18 0.72125 0.630625 0.032495098039215686 0.03624509803921572
20 0.935625 0.724375 0.036206896551724155 0.026206896551724146
11 0.479375 0.093125 0.05122844827586204 0.038728448275862054
19 0.6481250000000001 0.28625 0.051136363636363646 0.04488636363636367
11 0.7562500000000001 0.8025 0.054985795454545294 0.04248579545454534
04 0.040624999999999994 0.935 0.05371951219512194 0.029969512195121895
03 0.671875 0.20750000000000002 0.09623214285714288 0.049982142857142836
