06 0.558125 0.505625 0.02123355263157889 0.05373355263157892
17 0.0625 0.92875 0.032491610738255024 0.032491610738254906
12 0.11374999999999999 0.3225 0.019956896551724126 0.019956896551724113
03 0.044375 0.5025 0.033744444444444445 0.019994444444444537
01 0.47875 0.29125 0.017488095238095247 0.012488095238095243
08 0.5118750000000001 0.28500000000000003 0.023742977528089848 0.024992977528089877
11 0.8843749999999999 0.16125 0.021245098039215704 0.027495098039215682
02 0.965625 0.17875 0.04620689655172405 0.024956896551724117
20 0.364375 0.06937499999999999 0.01372844827586206 0.013728448275862074
10 0.32375 0.2625 0.012386363636363584 0.012386363636363695
07 0.12687500000000002 0.891875 0.07123579545454548 0.021235795454545348
03 0.343125 0.7112499999999999 0.051219512195122 0.027469512195121948
20 0.955625 0.98 0.018732142857142864 0.014982142857142833
