13 0.481875 0.8925000000000001 0.07123355263157893 0.08998355263157898
03 0.73 0.6074999999999999 0.02999161073825496 0.04499161073825497
18 0.025 0.42625 0.029956896551724135 0.032456896551724124
04 0.640625 0.083125 0.03624444444444441 0.023744444444444457
10 0.115625 0.445 0.04123809523809524 0.027488095238095256
12 0.509375 0.276875 0.06124297752808988 0.041242977528089864
03 0.54125 0.583125 0.032495098039215686 0.08874509803921571
06 0.8500000000000001 0.756875 0.09495689655172412 0.05870689655172412
05 0.165 0.283125 0.052478448275862066 0.02372844827586207
03 0.173125 0.3925 0.06613636363636366 0.05238636363636362
00 0.231875 0.413125 0.048735795454545455 0.041235795454545476
