14 0.796875 0.796875 0.006233552631578876 0.023733552631578947
03 0.41500000000000004 0.49187499999999995 0.012491610738255055 0.023741610738255037
03 0.2975 0.24312499999999998 0.02995689655172412 0.03620689655172413
03 0.21437499999999998 0.611875 0.021244444444444427 0.04124444444444453
20 0.838125 0.5449999999999999 0.01873809523809511 0.017488095238095247
05 0.0325 0.361875 0.02249297752808989 0.011242977528089892
03 0.28312499999999996 0.9606250000000001 0.018745098039215702 0.04124509803921572
13 0.254375 0.401875 0.041206896551724104 0.04870689655172411
03 0.22875 0.289375 0.029978448275862074 0.05122844827586204
03 0.228125 0.49624999999999997 0.013636363636363669 0.01738636363636359
