03 0.503125 0.10500000000000001 0.043733552631578854 0.03248355263157894
10 0.471875 0.115 0.04624161073825506 0.04749161073825506
05 0.676885775862069 0.39875 0.043728448275862086 0.05495689655172409
03 0.5706249999999999 0.4525 0.043744444444444475 0.044994444444444504
08 0.26125 0.45875 0.0749880952380953 0.04248809523809527
15 0.35125 0.965 0.04249297752808989 0.02749297752808988
06 0.778125 0.526875 0.15374509803921577 0.11874509803921568
01 0.8362499999999999 0.13375 0.032456896551724124 0.02245689655172413
20 0.78375 0.891875 0.029978448275862157 0.028728448275862184
08 0.6968749999999999 0.13124999999999998 0.07613636363636378 0.03238636363636363
02 0.065 0.6599999999999999 0.08748579545454546 0.08248579545454537
04 0.65125 0.58875 0.05496951219512192 0.039969512195122014
01 0.045 0.19687500000000002 0.04248214285714286 0.026232142857142843
18 0.31 0.515 0.03498750000000006 0.03748749999999995
