03 0.42874999999999996 0.61625 0.034983552631578874 0.01748355263157897
20 0.19874999999999998 0.6912499999999999 0.03499161073825505 0.029991610738254848
12 0.94875 0.5293749999999999 0.0549568965517242 0.05120689655172417
10 0.045 0.761875 0.034994444444444446 0.0212444444444444
05 0.48875 0.891875 0.024988095238095254 0.05373809523809514
11 0.7987500000000001 0.358125 0.03499297752808983 0.041242977528089864
03 0.78 0.569375 0.024995098039215735 0.028745098039215655
18 0.6925 0.605 0.039956896551724075 0.039956896551724075
10 0.46625 0.47250000000000003 0.029978448275862046 0.024978448275862097
16 0.318125 0.958125 0.051136363636363646 0.053636363636363704
09 0.589375 0.33187500000000003 0.06373579545454544 0.05373579545454549
13 0.61125 0.385 0.07246951219512199 0.07496951219512199
10 0.630625 0.963125 0.026232142857142815 0.018732142857142753
03 0.8025 0.670625 0.039987500000000065 0.023737499999999967
