03 0.698125 0.168125 0.021233552631579 0.03623355263157896
10 0.45875 0.67875 0.042491610738255026 0.03999161073825486
08 0.15562499999999999 0.7025 0.07370689655172412 0.02745689655172412
06 0.565 0.65625 0.049994444444444563 0.1099944444444444
00 0.07875 0.44875 0.03998809523809524 0.03998809523809527
14 0.7725 0.468125 0.032492977528089884 0.05124297752808987
09 0.503125 0.026875000000000003 0.013745098039215642 0.04624509803921569
07 0.576260775862069 0.09625 0.04497844827586206 0.05245689655172413
04 0.918125 0.6125 0.04122844827586225 0.029978448275862046
19 0.14750000000000002 0.28125 0.05238636363636365 0.047386363636363615
04 0.369375 0.5506249999999999 0.041235795454545476 0.04623579545454548
