08 0.395 0.85375 0.05498355263157889 0.0674835526315789
03 0.12125 0.34875 0.05499161073825504 0.03249161073825502
06 0.681875 0.84625 0.016206896551724137 0.14745689655172411
14 0.6275 0.28 0.07499444444444436 0.04499444444444439
14 0.150625 0.806875 0.07373809523809526 0.041238095238095074
03 0.375 0.43374999999999997 0.057492977528089906 0.034992977528089886
18 0.5293749999999999 0.63375 0.03374509803921566 0.03499509803921563
02 0.45687500000000003 0.9475 0.04620689655172411 0.05995689655172409
07 0.12625 0.16875 0.11997844827586207 0.07247844827586206
03 0.239375 0.948125 0.07863636363636364 0.053636363636363704
08 0.73 0.440625 0.07998579545454532 0.03623579545454547
03 0.06437499999999999 0.509375 0.07121951219512195 0.03871951219512204
03 0.73875 0.940625 0.02748214285714279 0.06373214285714279
