18 0.878125 0.641875 0.016233552631578885 0.018733552631578942
06 0.97125 0.901875 0.034991610738254963 0.031241610738254932
11 0.52 0.203125 0.019956896551724057 0.016206896551724137
03 0.75 0.6868749999999999 0.03249444444444438 0.05874444444444438
20 0.196875 0.16 0.02373809523809528 0.02248809523809525
18 0.036250000000000004 0.721875 0.012492977528089887 0.016242977528089786
08 0.21687499999999998 0.339375 0.01374509803921567 0.02874509803921571
18 0.339375 0.9768749999999999 0.016206896551724137 0.018706896551724195
03 0.11562499999999999 0.410625 0.04622844827586206 0.018728448275862064
07 0.923125 0.735625 0.016136363636363726 0.03863636363636369
