12 0.404375 0.41000000000000003 0.031233552631578898 0.03748355263157893
07 0.131875 0.243125 0.04374161073825504 0.016241610738255086
13 0.38375 0.11375 0.032456896551724124 0.06245689655172412
03 0.544375 0.618125 0.04124444444444453 0.033744444444444466
20 0.838125 0.7175 0.01873809523809511 0.019988095238095083
02 0.1475 0.5331250000000001 0.02999297752808988 0.053742977528089875
12 0.903125 0.36812500000000004 0.038745098039215775 0.051245098039215675
06 0.3781357758620689 0.46062499999999995 0.021228448275862066 0.013706896551724135
03 0.285625 0.6812499999999999 0.018728448275862064 0.02747844827586221
11 0.8725 0.27312499999999995 0.022386363636363815 0.021136363636363675
