18 0.82375 0.4225 0.019983552631578916 0.022483552631578918
06 0.6387520973154361 0.770625 0.0399958053691275 0.06624161073825485
03 0.204375 0.745 0.07870689655172414 0.039956896551724075
14 0.660625 0.17875 0.04124444444444453 0.02499444444444443
00 0.95375 0.379375 0.024988095238095198 0.026238095238095283
09 0.84 0.075 0.0474929775280899 0.032492977528089884
18 0.128125 0.400625 0.023745098039215692 0.02624509803921571
03 0.605 0.39249999999999996 0.03495689655172418 0.019956896551724113
17 0.546875 0.455625 0.03872844827586208 0.04122844827586203
14 0.5318750000000001 0.345 0.033636363636363575 0.024886363636363595
20 0.410625 0.078125 0.028735795454545465 0.02373579545454546
15 0.47750000000000004 0.799375 0.017469512195121994 0.018719512195121912
18 0.40437500000000004 0.6331249999999999 0.01873214285714281 0.02123214285714281
