02 0.15875 0.35625 0.032483552631578955 0.039983552631578934
03 0.7475 0.496875 0.024991610738254955 0.07124161073825508
13 0.83125 0.18875000000000003 0.10995689655172414 0.15245689655172415
03 0.535 0.23125 0.014994444444444532 0.08749444444444443
03 0.440625 0.3225 0.041238095238095296 0.059988095238095285
20 0.020624999999999998 0.38687499999999997 0.021242977528089887 0.01624297752808984
11 0.8418749999999999 0.0925 0.03374509803921566 0.032495098039215686
14 0.185 0.42875 0.03995689655172413 0.022456896551724115
20 0.629375 0.85875 0.03372844827586219 0.032478448275862215
13 0.8075284090909091 0.608125 0.02744318181818195 0.1261363636363637
