03 0.69875 0.369375 0.022483552631578974 0.02373355263157889
00 0.746875 0.621875 0.026241610738254928 0.018741610738255088
08 0.173125 0.408125 0.016206896551724137 0.03120689655172415
10 0.70875 0.75 0.027494444444444266 0.019994444444444426
14 0.175625 0.685 0.01123809523809527 0.02248809523809514
05 0.943125 0.48375 0.016242977528089897 0.034992977528089775
07 0.345 0.44562500000000005 0.03499509803921569 0.008745098039215693
03 0.10125 0.68625 0.027456896551724133 0.05495689655172409
16 0.361875 0.74 0.02372844827586207 0.03747844827586222
14 0.26125 0.1 0.019886363636363702 0.037386363636363634
04 0.9337500000000001 0.46562499999999996 0.024985795454545268 0.018735795454545456
03 0.598125 0.84125 0.013719512195121908 0.029969512195121895
08 0.62875 0.148125 0.0374821428571428 0.041232142857142856
06 0.9075 0.701875 0.012487499999999985 0.02123750000000002
