10 0.81625 0.88125 0.014983552631578911 0.017483552631578858
11 0.97 0.057499999999999996 0.0274916107382549 0.02249161073825503
02 0.20625 0.768125 0.02995689655172415 0.026206896551724035
03 0.42 0.354375 0.027494444444444488 0.036244444444444524
20 0.7562500000000001 0.645 0.02248809523809514 0.019988095238095194
02 0.6775 0.108125 0.014992977528089924 0.0187429775280899
03 0.31062500000000004 0.753125 0.02874509803921571 0.02624509803921571
09 0.625625 0.42875 0.028706896551724093 0.04245689655172413
03 0.7831250000000001 0.22125 0.13122844827586222 0.052478448275862066
03 0.968125 0.42500000000000004 0.011136363636363722 0.034886363636363604
