12 0.161875 0.134375 0.05623355263157895 0.04623355263157895
18 0.5125 0.8725 0.02999161073825507 0.032491610738254906
07 0.7406250000000001 0.8768750000000001 0.02120689655172414 0.06620689655172407
03 0.395625 0.95875 0.05624444444444454 0.02499444444444432
12 0.27625 0.09 0.06248809523809529 0.05998809523809523
20 0.756875 0.41125 0.03374297752808986 0.02749297752808988
20 0.241875 0.016875 0.02374509803921568 0.018745098039215688
18 0.82375 0.48624999999999996 0.03495689655172418 0.03745689655172407
10 0.59375 0.17625000000000002 0.03247844827586199 0.022478448275862067
03 0.11624999999999999 0.808125 0.06238636363636363 0.04113636363636375
03 0.050625 0.87375 0.023735795454545454 0.027485795454545325
03 0.330625 0.718125 0.023719512195122028 0.043719512195121935
