12 0.5606249999999999 0.48624999999999996 0.043733552631578854 0.034983552631578874
02 0.24 0.408125 0.019991610738255033 0.08874161073825504
03 0.58125 0.3575 0.03495689655172407 0.06245689655172415
03 0.43125 0.385 0.017494444444444535 0.02999444444444449
11 0.224375 0.8025 0.03123809523809526 0.027488095238095145
08 0.354375 0.185 0.018742977528089844 0.06249297752808988
09 0.1075 0.73625 0.029995098039215684 0.027495098039215682
10 0.489375 0.8512500000000001 0.026206896551724146 0.02495689655172406
15 0.266875 0.065 0.03372844827586202 0.04497844827586207
09 0.941875 0.298125 0.023636363636363678 0.03613636363636369
02 0.905625 0.4575 0.03873579545454531 0.027485795454545492
03 0.13625 0.48 0.06496951219512197 0.05996951219512198
