06 0.16812500000000002 0.037500000000000006 0.01623355263157894 0.022483552631578953
13 0.576875 0.58875 0.04124161073825505 0.07749161073825506
04 0.93625 0.345625 0.032456896551724124 0.02120689655172414
20 0.08625000000000001 0.49124999999999996 0.022494444444444456 0.024994444444444486
03 0.76625 0.771875 0.02998809523809509 0.028738095238095118
03 0.438125 0.11250000000000002 0.10124297752808986 0.029992977528089895
10 0.161875 0.343125 0.02374509803921568 0.0162450980392157
20 0.27437500000000004 0.218125 0.023706896551724144 0.01870689655172411
03 0.6643749999999999 0.79375 0.036228448275862246 0.05247844827586212
03 0.943125 0.1475 0.028636363636363793 0.014886363636363642
