03 0.57125 0.5587500000000001 0.057483552631578894 0.039983552631578934
04 0.94875 0.2375 0.024991610738254844 0.012491610738255027
11 0.940625 0.690625 0.026206896551724146 0.018706896551724195
19 0.5137499999999999 0.37375 0.02499444444444443 0.02999444444444449
03 0.35875 0.8118749999999999 0.01998809523809525 0.05373809523809514
01 0.770625 0.495625 0.018742977528089844 0.018742977528089844
13 0.258125 0.345 0.0462450980392157 0.08249509803921568
03 0.8687499999999999 0.25687499999999996 0.019956896551724168 0.06620689655172413
05 0.042499999999999996 0.091875 0.02997844827586207 0.018728448275862064
15 0.8574999999999999 0.478125 0.014886363636363753 0.013636363636363613
