00 0.49124999999999996 0.928125 0.017483552631578914 0.016233552631578885
20 0.69125 0.924375 0.012491610738254888 0.011241610738254804
03 0.030625 0.12000000000000001 0.013706896551724135 0.014956896551724136
09 0.40875 0.875 0.01749444444444448 0.02499444444444432
03 0.7150000000000001 0.195 0.009988095238095185 0.03998809523809527
12 0.301875 0.9275 0.021242977528089846 0.039992977528089835
08 0.929376225490196 0.3075 0.03374754901960786 0.052495098039215704
06 0.48750000000000004 0.348125 0.03995689655172413 0.06370689655172412
17 0.058124999999999996 0.306875 0.026228448275862064 0.031228448275862075
01 0.028124999999999997 0.303125 0.008636363636363633 0.011136363636363666
03 0.326875 0.07125000000000001 0.021235795454545514 0.019985795454545464
20 0.10125 0.48812500000000003 0.019969512195121955 0.018719512195121968
06 0.8593794642857142 0.88125 0.013741071428571394 0.07748214285714283
03 0.285625 0.9237500000000001 0.04373750000000004 0.027487499999999998
