20 0.255 0.133125 0.029983552631578952 0.03123355263157894
15 0.6925 0.4175 0.06249161073825493 0.027491610738255068
05 0.51875 0.43937499999999996 0.04745689655172419 0.023706896551724144
03 0.923125 0.1725 0.05624444444444432 0.03749444444444444
03 0.9675 0.5543750000000001 0.0399880952380951 0.04873809523809525
08 0.925625 0.1475 0.04874297752808987 0.05249297752808986
04 0.781875 0.905625 0.03374509803921577 0.02624509803921571
03 0.124375 0.605 0.031206896551724123 0.019956896551724057
03 0.32 0.28312499999999996 0.0274784482758621 0.05372844827586204
03 0.45999999999999996 0.8300000000000001 0.05488636363636362 0.039886363636363664
05 0.68625 0.439375 0.02498579545454538 0.051235795454545485
06 0.52125 0.251875 0.04496951219512191 0.113719512195122
02 0.246875 0.468125 0.04623214285714283 0.036232142857142824
