09 0.468125 0.87125 0.02373355263157889 0.02498355263157892
20 0.4 0.45875 0.019991610738255006 0.01749161073825506
15 0.161875 0.8043750000000001 0.01870689655172411 0.026206896551724035
06 0.6387486111111111 0.490625 0.04749722222222219 0.0687444444444445
17 0.561875 0.89125 0.033738095238095234 0.027488095238095145
02 0.9612499999999999 0.38187499999999996 0.01749297752808976 0.03624297752808986
12 0.30375 0.6012500000000001 0.027495098039215682 0.02999509803921574
09 0.0975 0.86875 0.03745689655172414 0.03495689655172418
07 0.328125 0.771875 0.011228448275862113 0.0437284482758622
04 0.7362500000000001 0.535625 0.02738636363636371 0.02113636363636362
12 0.83125 0.39312499999999995 0.029985795454545383 0.03373579545454547
04 0.501875 0.55125 0.028719512195121977 0.019969512195121997
06 0.9606250000000001 0.23562499999999997 0.05123214285714284 0.07623214285714283
