04 0.18937500000000002 0.5687500000000001 0.013733552631578966 0.019983552631578916
03 0.259375 0.43062500000000004 0.033741610738255046 0.013741610738255028
08 0.48 0.963125 0.019956896551724113 0.02120689655172414
03 0.356875 0.10625000000000001 0.011244444444444501 0.01249444444444446
07 0.27375 0.453125 0.019988095238095305 0.01873809523809522
14 0.639375 0.275 0.026242977528089906 0.02249297752808982
03 0.548125 0.4625 0.011245098039215695 0.022495098039215733
18 0.66125 0.73875 0.009956896551724048 0.012456896551724106
03 0.9275 0.7737499999999999 0.0174784482758622 0.0174784482758622
03 0.033125 0.406875 0.01363636363636363 0.016136363636363615
20 0.6025 0.029375000000000002 0.01498579545454548 0.01623579545454546
14 0.8843749999999999 0.86375 0.013719512195122019 0.01746951219512205
