03 0.905625 0.9824999999999999 0.01873355263157883 0.03248355263157887
14 0.594375 0.631875 0.04624161073825506 0.03624161073825505
11 0.1625 0.1925 0.02995689655172412 0.022456896551724115
07 0.7893749999999999 0.28125 0.026244444444444404 0.02499444444444443
00 0.7737499999999999 0.551875 0.02248809523809514 0.01873809523809533
20 0.34687500000000004 0.176875 0.02624297752808985 0.028742977528089853
03 0.355 0.9612499999999999 0.012495098039215724 0.024995098039215624
09 0.47186422413793105 0.455625 0.041228448275862084 0.023706896551724088
09 0.28375 0.476875 0.014978448275862033 0.036228448275862024
03 0.056874999999999995 0.8875 0.011136363636363632 0.03488636363636377
06 0.72375 0.49312500000000004 0.01498579545454537 0.02373579545454546
03 0.8887499999999999 0.56125 0.022469512195122054 0.029969512195122006
