12 0.4425 0.9075 0.027483552631578867 0.03248355263157887
10 0.6356249999999999 0.401875 0.026241610738254928 0.018741610738255032
14 0.145625 0.42875 0.01870689655172414 0.02745689655172412
04 0.11375 0.05375 0.022494444444444456 0.022494444444444442
03 0.093125 0.825625 0.03873809523809524 0.01873809523809522
05 0.321875 0.4175 0.028742977528089853 0.019992977528089872
06 0.653125 0.7887500000000001 0.0162450980392157 0.06999509803921578
13 0.611875 0.878125 0.03120689655172415 0.06370689655172412
10 0.6412500000000001 0.8912500000000001 0.022478448275862095 0.0174784482758622
03 0.566875 0.26375000000000004 0.023636363636363567 0.014886363636363698
11 0.753125 0.21875 0.02873579545454541 0.019985795454545485
14 0.48062499999999997 0.850625 0.018719512195121968 0.013719512195122019
20 0.33687500000000004 0.32499999999999996 0.023732142857142813 0.017482142857142835
