03 0.515625 0.38625 0.05873355263157887 0.02998355263157887
04 0.7606250000000001 0.926875 0.06874161073825491 0.038741610738254995
06 0.15 0.246875 0.04745689655172414 0.20870689655172414
18 0.31125 0.763125 0.04499444444444445 0.04874444444444437
20 0.328125 0.16812500000000002 0.03873809523809524 0.03373809523809526
07 0.23249999999999998 0.5431250000000001 0.07999297752808984 0.03374297752808986
18 0.27125 0.55375 0.042495098039215695 0.04499509803921564
07 0.8206249999999999 0.443125 0.023706896551724088 0.1062068965517241
06 0.7493749999999999 0.120625 0.1112284482758622 0.11372844827586207
04 0.8831249999999999 0.105 0.06363636363636382 0.03238636363636363
