20 0.2075 0.3975 0.014983552631578967 0.014983552631578911
15 0.703125 0.9143749999999999 0.028741610738254986 0.018741610738254866
03 0.5275 0.855 0.01745689655172411 0.04245689655172413
05 0.38749999999999996 0.98125 0.014994444444444477 0.02499444444444443
03 0.339375 0.48125 0.038738095238095294 0.007488095238095238
08 0.37625 0.288125 0.02999297752808988 0.01374297752808984
03 0.5387500000000001 0.48625 0.03499509803921563 0.017495098039215673
00 0.78125 0.8075 0.014956896551724164 0.014956896551724164
08 0.348125 0.91625 0.008728448275862055 0.03497844827586216
03 0.35625 0.786875 0.027386363636363598 0.016136363636363726
04 0.27875 0.53375 0.017485795454545427 0.01498579545454548
