13 0.220625 0.57375 0.09373355263157895 0.09748355263157893
11 0.663125 0.556875 0.05124161073825495 0.03624161073825505
11 0.28437500000000004 0.46375 0.05120689655172411 0.034956896551724126
02 0.324375 0.83375 0.053744444444444484 0.029994444444444435
12 0.494375 0.8825000000000001 0.0587380952380952 0.062488095238095176
07 0.5812517556179775 0.76 0.032496488764044984 0.05499297752808985
07 0.3675 0.226875 0.06499509803921566 0.04874509803921567
12 0.131875 0.1875 0.05620689655172412 0.05995689655172415
04 0.7625 0.4475 0.049978448275862175 0.039978448275862055
18 0.380625 0.101875 0.033636363636363575 0.03613636363636363
14 0.865625 0.33625 0.026235795454545352 0.0349857954545455
00 0.565 0.865 0.04496951219512202 0.0349695121951219
05 0.2875 0.19 0.027482142857142844 0.047482142857142834
05 0.081875 0.485625 0.04873750000000001 0.028737500000000027
