09 0.05 0.04375 0.032483552631578955 0.03998355263157895
14 0.6168750000000001 0.1325 0.028741610738255097 0.05499161073825505
03 0.959375 0.466875 0.028706896551724093 0.06370689655172412
01 0.590625 0.424375 0.026244444444444515 0.02874444444444446
04 0.250625 0.34562499999999996 0.04373809523809524 0.038738095238095294
04 0.6018749999999999 0.646875 0.03124297752808991 0.0312429775280898
08 0.68625 0.13437500000000002 0.03749509803921569 0.0487450980392157
11 0.77 0.345 0.04495689655172419 0.04745689655172408
06 0.7875 0.144375 0.024978448275862153 0.11122844827586205
03 0.435625 0.964375 0.03863636363636358 0.04613636363636375
