12 0.40125 0.07624999999999998 0.047483552631578885 0.037483552631578945
15 0.338125 0.921875 0.021241610738255035 0.05124161073825495
07 0.608125 0.9325 0.06370689655172412 0.029956896551724066
03 0.09 0.193125 0.03499444444444445 0.04374444444444442
03 0.645 0.92875 0.034988095238095096 0.04748809523809516
03 0.503125 0.329375 0.07374297752808984 0.09874297752808986
19 0.080625 0.465625 0.023745098039215692 0.03624509803921572
05 0.77625 0.784375 0.024956896551724173 0.04620689655172405
11 0.6056250000000001 0.810625 0.036228448275862024 0.021228448275862233
18 0.58125 0.7875 0.019886363636363646 0.022386363636363704
19 0.061875 0.795625 0.023735795454545454 0.0337357954545453
01 0.029999999999999995 0.0325 0.03746951219512194 0.03746951219512195
