03 0.070625 0.37875000000000003 0.028733552631578944 0.03748355263157893
03 0.29437500000000005 0.6425 0.03874161073825505 0.02999161073825496
18 0.8225 0.6799999999999999 0.019956896551724057 0.022456896551724115
03 0.18875 0.1825 0.014994444444444421 0.029994444444444435
03 0.721875 0.5275 0.021238095238095167 0.03248809523809526
03 0.41125 0.5874999999999999 0.06749297752808986 0.05499297752808985
03 0.936875 0.476875 0.008745098039215637 0.031245098039215713
03 0.193125 0.8362499999999999 0.01870689655172411 0.049956896551724195
16 0.62875 0.8125 0.04747844827586212 0.032478448275862215
14 0.680625 0.524375 0.03113636363636374 0.043636363636363584
12 0.6425 0.526875 0.029985795454545494 0.03623579545454547
