03 0.130625 0.065 0.038733552631578946 0.024983552631578955
03 0.059375 0.4375 0.021241610738255028 0.034991610738255075
02 0.027500000000000004 0.24812499999999998 0.02745689655172414 0.026206896551724118
03 0.596875 0.67625 0.026244444444444515 0.017494444444444368
07 0.86375 0.490625 0.0399880952380951 0.021238095238095278
07 0.32125 0.229375 0.06499297752808986 0.08374297752808987
07 0.3337512254901961 0.8443750000000001 0.06749754901960786 0.04374509803921567
20 0.8500000000000001 0.46625 0.022456896551724115 0.024956896551724173
11 0.38687499999999997 0.4875 0.028728448275862017 0.024978448275862042
20 0.545625 0.14875 0.02113636363636362 0.017386363636363644
03 0.328125 0.043125 0.0712357954545455 0.04623579545454545
06 0.316875 0.26 0.026219512195121975 0.024969512195122
