08 0.83875 0.545 0.04248355263157899 0.014983552631578911
19 0.064375 0.181875 0.02874161073825502 0.03624161073825505
03 0.62 0.310625 0.022456896551724226 0.04870689655172411
04 0.369375 0.1 0.02874444444444446 0.024994444444444472
01 0.29625 0.54 0.014988095238095245 0.012488095238095243
11 0.20375 0.95875 0.02499297752808985 0.022492977528089764
04 0.085625 0.555625 0.026245098039215695 0.021245098039215704
08 0.4625 0.24125000000000002 0.012456896551724161 0.017456896551724138
03 0.5449999999999999 0.088125 0.04497844827586206 0.021228448275862066
18 0.256875 0.40125 0.0186363636363637 0.01988636363636359
03 0.9137500000000001 0.146875 0.019985795454545374 0.03623579545454547
03 0.406875 0.8743749999999999 0.028719512195121977 0.026219512195121975
03 0.249375 0.625 0.026232142857142843 0.0374821428571428
15 0.376875 0.091875 0.02123750000000002 0.02123750000000002
