08 0.9281250000000001 0.7406250000000001 0.01123355263157888 0.018733552631578942
02 0.8675020973154364 0.103125 0.009995805369127475 0.03874161073825505
18 0.20500000000000002 0.39625 0.012456896551724134 0.014956896551724164
03 0.4575 0.15437499999999998 0.027494444444444488 0.031244444444444436
14 0.534375 0.8075 0.051238095238095194 0.019988095238095083
17 0.20375 0.84375 0.022492977528089847 0.02749297752808988
13 0.16749999999999998 0.5449999999999999 0.0774950980392157 0.022495098039215677
20 0.926875 0.33875 0.016206896551724137 0.01745689655172411
15 0.15375 0.045 0.012478448275862086 0.012478448275862072
06 0.16 0.9525 0.039886363636363664 0.05238636363636373
15 0.56875 0.711875 0.012485795454545423 0.016235795454545343
