09 0.7306208881578947 0.225 0.023741776315789442 0.01998355263157897
14 0.728125 0.5725 0.021241610738254924 0.02999161073825496
03 0.640625 0.06999999999999999 0.0237068965517242 0.044956896551724135
03 0.2225 0.313125 0.022494444444444428 0.013744444444444448
06 0.25375 0.874375 0.009988095238095268 0.031238095238095065
18 0.29312499999999997 0.495625 0.013742977528089895 0.01624297752808984
14 0.21875 0.030000000000000002 0.029995098039215684 0.02749509803921569
13 0.7324999999999999 0.815625 0.049956896551724195 0.03120689655172415
03 0.549375 0.82125 0.016228448275862006 0.03747844827586222
18 0.42374999999999996 0.528125 0.014886363636363587 0.016136363636363615
20 0.796875 0.09562499999999999 0.01873579545454529 0.016235795454545468
19 0.7075 0.494375 0.014969512195121992 0.03121951219512198
03 0.13624999999999998 0.6793750000000001 0.01498214285714286 0.018732142857142864
07 0.294375 0.715 0.02123750000000002 0.019987500000000047
