19 0.593125 0.8831249999999999 0.053733552631578974 0.031233552631578898
19 0.141875 0.750625 0.031241610738255043 0.0537416107382549
06 0.590625 0.168125 0.043706896551724106 0.06370689655172412
07 0.379375 0.42500000000000004 0.12874444444444444 0.02999444444444449
18 0.206875 0.9156249999999999 0.031238095238095287 0.03373809523809512
14 0.8787499999999999 0.855 0.0674929775280898 0.08249297752808982
05 0.6912499999999999 0.565 0.02999509803921574 0.0574950980392156
06 0.5549999999999999 0.770625 0.15995689655172407 0.04370689655172422
14 0.510625 0.39812499999999995 0.03122844827586202 0.07372844827586206
03 0.651875 0.106875 0.09863636363636374 0.06113636363636364
