04 0.08625 0.166875 0.01748355263157894 0.01873355263157897
07 0.058125 0.3375 0.03374161073825503 0.02499161073825501
03 0.330625 0.7375 0.036206896551724155 0.02745689655172412
04 0.42562500000000003 0.06937499999999999 0.021244444444444455 0.02124444444444444
08 0.821875 0.915 0.02623809523809517 0.05748809523809506
07 0.6012500000000001 0.189375 0.06499297752808986 0.031242977528089855
18 0.906875 0.27812499999999996 0.0162450980392157 0.018745098039215702
18 0.235625 0.851875 0.013706896551724135 0.016206896551724137
07 0.128125 0.083125 0.01872844827586205 0.03122844827586206
12 0.605625 0.405 0.018636363636363562 0.03738636363636355
05 0.48750000000000004 0.7375 0.017485795454545483 0.027485795454545325
19 0.5643750000000001 0.775625 0.023719512195122028 0.026219512195121975
18 0.299375 0.761875 0.01373214285714286 0.016232142857142806
18 0.30874999999999997 0.38375000000000004 0.017487500000000045 0.01998749999999999
