08 0.6343749999999999 0.404375 0.031233552631578898 0.016233552631578885
20 0.6174999999999999 0.18562499999999998 0.012491610738254999 0.013741610738255056
18 0.68875 0.45687500000000003 0.01745689655172411 0.01870689655172414
06 0.7756263888888889 0.075625 0.08624722222222214 0.036244444444444454
03 0.599375 0.603125 0.016238095238095274 0.013738095238095216
06 0.12062500000000001 0.575 0.0637429775280899 0.019992977528089928
04 0.17125 0.33687500000000004 0.029995098039215712 0.023745098039215706
03 0.575 0.49750000000000005 0.05245689655172414 0.017456896551724166
03 0.9924999999999999 0.6356250000000001 0.00997844827586214 0.021228448275862122
06 0.8899999999999999 0.14625 0.047386363636363726 0.05738636363636365
16 0.301875 0.26625 0.028735795454545465 0.029985795454545494
02 0.210625 0.495 0.018719512195121968 0.024969512195121946
06 0.7418794642857143 0.639375 0.038741071428571416 0.06623214285714285
