10 0.34125 0.861875 0.039983552631578934 0.0362335526315789
10 0.8025 0.208125 0.04999161073825498 0.05124161073825506
20 0.680625 0.020625 0.043706896551724106 0.03370689655172414
03 0.83 0.54125 0.054994444444444346 0.07249444444444442
03 0.590625 0.5643750000000001 0.058738095238095256 0.06623809523809532
20 0.265625 0.83375 0.018742977528089844 0.01749297752808987
05 0.42 0.041874999999999996 0.027495098039215682 0.04874509803921569
10 0.534375 0.04125000000000001 0.04120689655172416 0.042456896551724146
08 0.6162500000000001 0.730625 0.07747844827586214 0.03122844827586224
03 0.08687500000000001 0.113125 0.01863636363636363 0.03113636363636363
