18 0.489375 0.074375 0.018733552631578942 0.021233552631578945
10 0.106875 0.140625 0.02374161073825505 0.018741610738255032
13 0.660625 0.940625 0.13620689655172413 0.05120689655172417
15 0.6525 0.037500000000000006 0.027494444444444488 0.04499444444444445
13 0.333125 0.6487499999999999 0.051238095238095305 0.03998809523809521
10 0.31437499999999996 0.6699999999999999 0.031242977528089855 0.019992977528089928
18 0.29500000000000004 0.96875 0.01499509803921567 0.017495098039215673
08 0.13187500000000002 0.09937499999999999 0.046206896551724136 0.046206896551724136
03 0.04 0.955625 0.02247844827586207 0.013728448275862282
08 0.62375 0.644375 0.012386363636363584 0.02863636363636357
02 0.5725 0.7575000000000001 0.037485795454545556 0.034985795454545277
15 0.14937499999999998 0.984375 0.021219512195121942 0.016219512195122077
