12 0.4975 0.638125 0.019983552631578916 0.02123355263157889
03 0.48624790268456375 0.7525 0.01999580536912754 0.022491610738255008
03 0.33625 0.614375 0.019956896551724168 0.04120689655172405
07 0.87875 0.7356236111111111 0.01499444444444431 0.031247222222222204
14 0.44125000000000003 0.5425 0.032488095238095316 0.019988095238095305
03 0.78375 0.08 0.022492977528089875 0.02999297752808988
18 0.79375 0.88875 0.014995098039215615 0.017495098039215673
12 0.9012500000000001 0.723125 0.032456896551724124 0.0237068965517242
14 0.153125 0.16249999999999998 0.03622844827586205 0.017478448275862063
18 0.11875 0.65125 0.012386363636363626 0.014886363636363642
20 0.938125 0.040624999999999994 0.01873579545454529 0.01873579545454545
04 0.8375 0.878125 0.022469512195121943 0.018719512195121912
