18 0.09749999999999999 0.24624999999999997 0.03498355263157896 0.03748355263157896
11 0.20750000000000002 0.95125 0.05249161073825506 0.022491610738254897
03 0.89 0.95 0.04745689655172414 0.029956896551724177
20 0.77125 0.8674999999999999 0.03499444444444433 0.027494444444444377
03 0.09375000000000001 0.219375 0.13498809523809527 0.04373809523809527
19 0.9706250000000001 0.17125 0.026242977528089795 0.019992977528089845
06 0.2975 0.12624877450980393 0.10249509803921569 0.08999754901960784
18 0.125 0.40437500000000004 0.034956896551724126 0.03870689655172416
14 0.37124999999999997 0.565 0.04247844827586206 0.08747844827586204
03 0.841875 0.9075 0.03113636363636374 0.11988636363636374
20 0.141875 0.364375 0.03373579545454547 0.02373579545454546
