06 0.065625 0.525625 0.10123355263157895 0.016233552631578885
15 0.770625 0.36875 0.07624161073825486 0.05999161073825504
07 0.84375 0.2775 0.03745689655172413 0.08995689655172415
08 0.881875 0.551875 0.041244444444444306 0.031244444444444408
01 0.155 0.30125 0.024988095238095254 0.017488095238095303
12 0.9762500000000001 0.699375 0.03499297752808983 0.03874297752808986
20 0.531875 0.9550000000000001 0.0162450980392157 0.014995098039215615
20 0.631875 0.738125 0.026206896551724146 0.026206896551724146
04 0.968125 0.594375 0.03372844827586219 0.028728448275862073
03 0.725625 0.421875 0.0336363636363638 0.06613636363636355
12 0.6399999999999999 0.104375 0.0499857954545454 0.028735795454545465
12 0.7975 0.079375 0.05496951219512192 0.07121951219512193
