04 0.309375 0.094375 0.016233552631578996 0.01623355263157894
03 0.463125 0.316875 0.01624161073825503 0.031241610738255043
03 0.660625 0.8175 0.03120689655172415 0.009956896551724048
03 0.699375 0.263125 0.023744444444444346 0.03874444444444444
03 0.5731250000000001 0.19187500000000002 0.016238095238095274 0.02123809523809525
01 0.8943749999999999 0.03375 0.0212429775280899 0.022492977528089892
03 0.45375 0.7518750000000001 0.022495098039215677 0.018745098039215757
03 0.2825 0.7925 0.04245689655172408 0.032456896551724124
18 0.12437500000000001 0.175625 0.016228448275862076 0.018728448275862064
06 0.620625 0.61 0.026136363636363624 0.047386363636363615
