03 0.7275 0.773125 0.022483552631578863 0.026233552631578894
06 0.20625 0.813125 0.11249161073825506 0.031241610738254932
01 0.470625 0.019375 0.026206896551724146 0.023706896551724137
14 0.7925 0.54125 0.03499444444444433 0.04499444444444456
02 0.481875 0.5762499999999999 0.026238095238095283 0.05748809523809528
03 0.92875 0.556875 0.029992977528089826 0.043742977528089866
18 0.9025000000000001 0.3025 0.022495098039215677 0.02499509803921568
12 0.594375 0.445625 0.0387068965517241 0.036206896551724155
06 0.108125 0.076875 0.07372844827586206 0.10622844827586209
03 0.32687499999999997 0.859375 0.03113636363636363 0.0386363636363638
20 0.7475 0.03874999999999999 0.027485795454545325 0.022485795454545453
06 0.04875 0.766875 0.019969512195121948 0.033719512195121926
