06 0.19562500000000002 0.333125 0.09873355263157896 0.07623355263157894
05 0.690625 0.06625 0.04374161073825489 0.044991610738255035
01 0.054375 0.48187500000000005 0.03870689655172414 0.03870689655172416
13 0.651875 0.766875 0.033744444444444355 0.13874444444444434
03 0.91125 0.663125 0.044988095238095216 0.051238095238095305
13 0.915625 0.046875 0.09124297752808985 0.05374297752808988
08 0.05 0.743125 0.05249509803921568 0.028745098039215655
09 0.355 0.5225 0.03995689655172413 0.04745689655172408
15 0.499375 0.273125 0.03372844827586202 0.03372844827586208
10 0.973125 0.6881250000000001 0.033636363636363686 0.026136363636363735
03 0.450625 0.815625 0.023735795454545516 0.02623579545454524
03 0.484375 0.91125 0.033719512195121926 0.08996951219512206
