20 0.5606249999999999 0.8287500000000001 0.033733552631578845 0.029983552631578925
18 0.3225 0.7093750000000001 0.034991610738255075 0.03624161073825494
01 0.026250000000000002 0.65625 0.03245689655172414 0.022456896551724226
06 0.19625138888888888 0.39375000000000004 0.09749722222222224 0.11249444444444451
12 0.2525 0.478125 0.06748809523809529 0.06623809523809526
07 0.6743732443820225 0.45999999999999996 0.083746488764045 0.04249297752808984
06 0.911875 0.845 0.1262450980392157 0.024995098039215735
11 0.7012499999999999 0.2625 0.04245689655172413 0.04495689655172411
03 0.755 0.43999999999999995 0.024978448275862153 0.052478448275862066
07 0.72875 0.153125 0.012386363636363695 0.08363636363636363
14 0.615625 0.15437499999999998 0.0762357954545454 0.05623579545454546
03 0.5431250000000001 0.0625 0.013719512195122019 0.04496951219512194
03 0.526875 0.7831250000000001 0.09873214285714282 0.04873214285714289
03 0.26749999999999996 0.183125 0.0299875 0.07373750000000001
